19830101
3.785
3.281
4.031
4.22
4.456
3.083
1.788
2.631
2.186
2.837
2.251
2.903
3.951
1.416
4.025
4.1
2.896
2.571
1.185
1.904
2.24
3.348
5.642
3.697
2.056
2.231
2.672
4.485
2.682
3.922
3.428
2.11
3.027
2.691
3.12
3.506
2.844
3.15
2.602
3.793
2.149
3.926
8.572
7.329
2.618
2.442
2.373
2.425
2.487
2.799
1.255
2.529
2.573
1.741
1.653
1.667
2.029
1.508
1.681
2.587
1.275
1.606
1.898
1.691
4.291
3.439
2.603
2.649
1.38
1.699
2.208
2.067
2.332
5.01
1.773
4.102
3.378
2.443
1.87
2.172
4.315
3.963
3.876
3.284
2.226
2.819
2.396
2.02
2.881
3.105
6.244
3.818
2.031
1.286
1.358
2.525
0.664
1.883
1.872
2.174
2.35
2.836
1.764
0.98
1.575
1.668
3.01
1.413
3.069
2.855
1.645
1.487
1.344
1.206
1.245
1.631
1.212
3.081
1.888
0.797
2.83
4.931
5.073
1.689
2.27
1.578
0.958
1.449
1.557
1.828
1.281
1.206
1.627
2.949
2.277
1.874
1.456
1.66
2.205
2.28
1.329
1.571
1.302
1.157
2.587
0.823
1.601
5.163
4.316
2.08
3.196
3.144
1.25
5.007
3.456
1.721
1.782
0.981
1.22
2.068
1.035
1.652
3.207
4.521
5.081
1.753
2.593
2.733
2.001
2.402
1.37
1.796
1.301
1.795
2.25
2.231
3.789
1.676
1.257
2.296
1.67
2.022
3.133
2.666
3.322
1.391
1.966
3.348
3.265
1.271
1.852
1.652
2.503
3.039
1.847
2.131
1.392
1.769
1.066
1.318
1.676
1.539
1.171
2.098
2.044
1.785
2.642
2.358
1.932
1.356
1.907
2.049
1.56
1.647
2.478
4.093
2.832
1.525
2.818
1.77
2.681
3.192
2.683
4.37
1.72
2.865
1.956
1.443
1.957
2.223
2.679
1.924
3.153
3.777
2.986
1.251
3.262
4.009
3.071
5.02
4.653
4.079
3.752
2.324
2.189
2.228
2.929
2.344
2.942
5.336
2.003
2.227
1.795
1.928
1.304
1.663
2.255
1.909
2.271
2.153
2.782
2.235
2.043
2.464
2.103
2.019
3.368
5.762
4.078
3.655
5.554
2.69
1.503
1.898
2.381
1.902
3.163
3.688
4.597
2.883
1.972
2.294
2.409
2.196
4.035
2.538
1.664
2.565
3.275
2.853
1.756
1.238
1.931
2.146
5.307
2.058
3.002
4.498
3.858
4.541
2.934
1.488
2.36
2.781
2.775
4.42
2.594
1.309
2.008
2.064
1.512
2.212
1.883
2.073
3.709
4.003
4.418
2.402
2.573
2.205
1.737
1.324
1.419
2.999
2.567
2.682
2.714
2.711
1.427
2.473
3.253
0.836
0.038
0.358
1.453
0.833
0.184
0.046
0.046
2.51
2.274
1.903
2.009
3.33
2.256
1.714
2.113
2.072
2.497
3.152
1.27
2.924
1.885
3.773
2.06
2.374
1.95
3.207
2.332
2.022
2.506
3.126
3.514
5.595
2.464
3.528
1.995
2.289
2.103
2.117
2.464
2.095
2.309
2.233
2.5
3.388
2.229
1.641
1.821
2.977
1.7
2.15
2.882
2.652
2.027
2.396
2.552
2.653
3.652
3.319
3.086
1.935
2.737
2.468
1.48
1.956
2.089
1.272
2.1
2.406
3.034
2.833
2.248
1.811
2.314
2.616
1.117
2.287
1.994
1.501
1.764
3.076
3.183
2.834
1.713
0.926
1.248
1.655
4.793
2.417
3.175
1.572
3.153
1.537
1.595
1.16
2.63
2.324
1.226
1.85
1.894
2.58
2.022
3.078
4.811
1.411
2.655
3.881
1.398
0.98
1.468
1.499
1.464
2.084
1.823
2.101
2.918
2.41
1.626
1.978
1.497
2.611
2.628
2.606
2.569
3.851
5.251
2.866
5.722
3.309
1.872
1.802
2.566
2.587
2.323
2.911
2.999
2.216
1.875
1.438
2.819
2.319
2.27
2.694
4.575
3.822
1.745
3.631
5.561
2.597
2.826
1.997
1.463
1.582
1.749
1.688
2.391
2.872
3.399
2.981
1.477
1.115
2.061
1.721
1.697
2.215
1.481
2.287
2.755
5.094
2.602
2.346
2.385
1.763
1.565
2.373
1.742
1.926
2.285
1.837
0.973
4.26
4.377
4.616
9.372
2.563
2.365
1.587
2.089
1.603
1.126
1.574
4.259
1.17
1.258
2.766
2.734
1.163
1.663
1.184
1.862
1.847
1.148
2.251
3.473
4.25
4.128
4.074
2.844
1.862
2.836
3.061
7.185
2.002
1.446
2.645
4.124
3.976
2.427
2.293
3.476
3.85
2.611
3.236
2.62
3.205
5.179
3.833
3.965
1.433
1.818
1.602
1.481
1.757
2.694
2.698
2.541
2.748
1.226
2.12
3.01
1.602
1.767
3.117
1.726
2.15
2.095
1.262
1.231
1.377
1.648
1.535
1.021
4.19
1.897
3.955
4.248
4.543
4.253
2.944
2.203
2.047
1.924
1.941
3.087
4.731
3.686
1.204
1.547
1.573
2.958
5.471
2.698
1.634
1.741
1.509
1.787
1.934
1.433
2.074
2.451
2.804
3.726
5.362
1.823
1.708
1.628
2.843
2.752
2.951
2.06
2.806
4.396
2.414
1.372
4.256
3.302
6.584
6.659
4.837
2.381
2.669
4.157
3.2
4.488
4.337
1.88
3.046
4.395
3.395
3.201
2.582
1.484
1.92
2.097
1.853
1.163
1.593
2.125
3.218
2.41
2.774
3.015
3.644
2.903
2.189
2.075
2.582
3.071
1.847
1.789
2.525
4.333
3.185
2.679
2.951
3.866
2.545
2.792
2.597
1.714
2.372
2.146
3.021
4.323
4.758
4.398
3.262
5.778
2.057
1.36
1.803
1.782
2.199
1.622
2.978
2.885
1.782
1.675
3.847
2.649
2.001
1.537
1.317
2.419
2.5
2.428
2.243
1.831
1.815
3.08
2.988
3.443
2.708
2.141
2.284
3.042
1.734
2.293
2.794
3.756
2.76
2.313
3.027
2.096
1.884
2.639
2.094
1.866
1.712
2.449
2.081
2.306
2.47
1.675
1.91
2.207
2.968
2.918
2.051
3.321
3.127
2.711
3.927
3.927
2.449
2.236
2.141
2.69
2.796
2.895
2.465
3.225
4.844
3.37
2.468
2.213
2.655
3.046
3.153
2.108
4.087
2.694
2.766
3.774
3.728
2.539
3.472
2.405
1.839
1.817
2.912
1.589
1.753
2.038
2.249
1.927
2.677
2.353
2.267
2.367
2.726
2.029
2.466
3.231
3.741
1.903
2.088
2.44
2.346
1.537
2.106
2.758
2.782
2.642
2.192
1.753
4.35
2.188
1.976
1.692
2.924
3.301
3.097
2.819
2.799
2.869
3.979
2.438
2.069
1.455
1.477
1.685
1.602
1.046
2.288
2.756
2.392
1.727
3.595
2.35
1.405
2.603
3.837
3.684
2.037
1.569
1.786
2.22
2.054
1.594
3.219
2.703
4.99
2.709
2.14
1.524
1.817
3.743
2.572
1.554
1.285
2.27
1.519
1.87
1.569
1.547
1.488
1.855
2.209
1.153
1.869
1.635
1.171
1.083
2.044
1.231
1.558
2.17
4.154
2.139
2.456
2.459
1.457
1.541
2.991
1.044
0.965
1.188
1.517
1.713
1.663
1.657
1.132
1.24
2.225
2.128
2.964
1.352
1.626
2.867
4.122
1.324
2.078
3.808
2.785
1.716
2.291
2.164
2.032
3.867
3.167
2.991
2.102
2.804
4.822
4.635
4.25
3.631
1.473
1.006
2.295
2.051
1.515
1.412
1.388
1.997
1.913
1.196
2.262
2.625
1.648
1.271
1.238
1.31
2.27
1.581
1.565
1.65
2.983
3.154
4.234
1.33
2.583
2.17
4.646
2.132
1.671
2.304
2.061
2.755
1.854
1.861
2.079
2.245
2.885
3.347
4.214
3.216
3.025
2.547
1.218
1.916
3.545
4.659
2.359
2.714
2.416
1.065
2.221
1.891
3.516
2.215
1.907
2.117
1.834
2.124
3.178
3.378
4.015
3.759
3.1
2.822
1.461
1.567
3.169
1.832
1.922
1.141
1.581
2.544
2.016
3.152
1.693
1.389
1.845
1.625
1.611
2.439
1.731
1.567
1.259
1.141
3.23
2.043
1.826
1.501
1.463
1.649
3.046
3.166
4.887
2.459
2.16
2.617
3.86
2.865
5.197
5.438
3.877
1.753
2.05
1.553
1.569
1.788
3.278
3.762
1.76
2.365
2.453
2.713
2.911
2.272
2.799
2.603
2.326
2.205
3.463
1.964
3.33
2.983
2.264
1.278
2.481
3.204
4.846
4.019
2.836
2.784
2.271
3.294
7.095
2.5
1.895
1.824
1.51
1.918
1.373
1.34
1.274
2.365
1.775
1.733
2.981
3.146
1.909
1.868
1.703
1.691
2.278
3.063
2.264
2.956
3.715
2.131
2.911
3.477
3.271
2.016
2.793
1.186
3.429
3.182
4.55
2.605
1.921
1.919
1.72
1.662
3.106
2.802
2.352
1.686
2.758
1.884
1.84
2.167
2.242
2.522
2.523
3.234
1.76
2.019
2.218
2.147
3.528
2.341
2.422
1.517
1.984
2.647
3.266
2.229
2.171
1.888
2.091
2.303
2.575
2.13
1.704
2.169
1.712
3.581
3.624
2.791
2.025
2.476
3.242
1.829
2.481
2.597
2.306
2.353
2.8
2.52
3.236
3.391
2.524
3.515
3.855
3.606
4.322
3.97
5.617
2.521
1.733
2.08
2.074
3.166
2.424
2.802
3.09
1.848
1.297
1.189
2.244
5.247
2.764
2.046
1.786
2.341
2.606
2.972
2.609
1.672
2.55
2.672
2.706
3.086
1.834
3.007
1.622
4.066
2.949
3.1
2.885
2.076
2.146
3.819
1.575
2.62
1.382
2.222
1.709
2.95
3.15
1.672
3.697
1.697
2.802
1.878
1.797
2.38
2.116
2.594
2.306
2.635
2.135
2.536
1.869
2.551
1.958
4.338
1.816
3.646
5.52
2.146
4.576
2.547
2.095
1.584
1.911
2.764
1.8
1.257
3.149
2.501
1.581
2.865
4.858
1.495
1.883
2.098
5.421
2.619
1.354
1.731
2.139
4.285
2.977
1.51
2.074
2.418
2.022
3.868
1.943
1.639
3.161
3.589
2.567
1.273
1.498
1.222
1.696
1.928
1.601
2.214
1.535
1.385
2.273
1.962
2.05
1.681
1.65
1.683
1.91
1.91
3.565
3.471
1.738
2.072
1.683
1.711
2.846
6.295
1.544
2.769
1.669
3.243
2.85
2.803
2.464
2.881
1.788
1.714
2.103
2.236
1.692
2.618
3.159
1.403
2.259
2.72
2.359
3.794
1.781
2.902
1.774
3.179
2.876
1.55
2.645
2.135
2.546
2.476
3.019
3.426
2.31
2.31
1.758
2.082
1.498
2.373
2.775
1.075
1.226
3.262
1.269
1.965
1.672
2.332
2.137
2.281
3.647
2.881
1.959
2.304
2.589
1.15
1.633
1.252
2.146
2.022
2.256
1.392
1.162
2.934
1.149
2.311
2.617
1.703
2.042
1.569
3.343
3.073
2.346
1.685
2.953
1.447
2.954
2.706
2.797
1.826
2.856
1.443
2.541
2.255
4.328
2.705
2.02
2.766
4.889
5.735
4.678
2.536
1.123
1.027
1.675
2.578
2.291
2.685
2.002
1.528
2.032
2.897
2.632
3.162
5.981
5.981
3.598
2.987
5.477
3.718
1.856
2.345
3.058
2.766
2.61
2.788
3.303
3.216
2.962
1.8
3.127
2.948
2.297
3.802
2.749
6.098
3.753
2.711
3.225
4.767
2.762
1.431
2.295
2.509
1.669
4.301
3.145
3.133
3.337
3.712
2.403
2.887
2.116
2.859
2.872
1.997
2.244
2.289
1.874
1.852
2.101
2.567
4.501
2.392
3.704
1.847
3.427
3.314
1.418
2.315
2.25
3.338
1.965
3.248
3.42
3.264
2.402
3.863
2.766
1.88
1.959
1.468
2.211
2.633
2.334
3.625
2.355
2.323
4.558
4.322
3.177
2.604
2.733
3.154
1.644
1.083
2.074
3.275
2.311
1.853
3.032
2.568
4.065
2.571
2.008
2.273
2.297
2.028
1.42
2.301
1.971
2.343
2.256
1.528
2.779
3.328
2.176
1.63
1.802
2.981
2.956
2.37
2.831
2.743
3.308
4.741
2.292
2.678
1.991
2.458
1.521
2.881
2.792
2.454
3.507
4.139
2.916
3.088
2.267
1.705
2.551
2.878
2.259
2.655
2.778
3.313
3.749
3.061
2.883
1.868
2.747
2.911
2.955
2.704
2.159
2.442
3.804
1.806
2.454
2.662
2.313
3.142
2.47
2.223
1.959
2.47
2.744
2.23
2.583
2.471
1.801
2.041
2.433
1.956
1.837
3.31
4.148
2.387
4.872
3.333
3.122
2.927
3.111
2.757
2.803
2.493
2.766
3.139
2.325
1.304
1.874
1.789
2.003
2.883
1.619
2.457
2.1
1.792
1.229
3.28
2.329
2.045
4.045
3.073
2.862
5.448
3.071
1.718
1.3
2.649
2.509
2.365
2.436
2.905
1.995
2.413
2.499
2.037
2.258
3.117
2.308
1.572
1.778
2.748
1.938
2.556
1.343
3.014
1.645
1.966
1.756
1.887
1.544
2.206
2.348
1.431
2.571
1.108
1.206
2.897
1.948
2.259
3.512
2.5
2.791
1.712
1.245
1.093
2.22
0.859
1.59
1.606
1.363
1.205
2.178
2.484
1.755
1.558
1.804
5.938
4.027
2.257
1.583
1.703
3.418
5.436
2.206
2.575
1.598
1.385
1.52
2.455
1.272
2.096
3.575
2.97
2.576
2.4
2.005
1.843
3.068
2.76
1.828
1.39
0.863
0.877
2.318
1.397
1.162
1.132
1.664
1.447
1.16
0.83
1.096
1.744
2.993
2.164
2.728
2.753
3.147
1.469
1.13
2.156
2.315
1.473
2.51
1.455
2.789
1.652
5.491
0.831
3.227
2.383
2.245
2.459
4.707
2.358
1.066
3.193
2.626
2.481
2.204
2.703
2.427
2.759
1.961
3.135
2.206
2.112
2.536
1.524
3.341
2.35
1.819
1.77
1.791
1.4
1.428
2.25
3.963
1.299
4.412
3.178
2.41
2.167
4.285
3.088
1.662
2.323
1.818
1.199
2.23
3.983
5.145
3.48
2.473
2.435
2.888
1.185
3.293
3.015
1.741
4.345
4.338
5.399
2.578
2.744
1.899
1.729
2.459
2.373
3.023
1.459
1.14
3.184
2.638
2.693
3.336
2.22
2.635
2.494
3.019
2.219
1.549
1.88
1.712
3.513
3.222
1.792
1.31
2.005
2.231
1.9
2.59
3.02
1.66
1.821
3.409
2.632
2.311
2.226
1.751
1.492
2.405
2.19
3.534
2.993
3.801
3.39
2.49
1.801
1.988
2.284
1.351
2.296
1.624
1.594
1.344
2.468
5.494
3.37
2.138
2.125
3.384
3.662
2.164
1.419
1.74
1.843
1.73
1.983
2.544
2.313
3.476
3.499
3.135
1.556
1.632
2.049
1.623
2.72
1.712
1.891
3.921
4.368
3.241
2.752
3.005
3.343
1.737
1.826
4.186
3.326
1.89
1.332
2.955
1.995
1.731
2.611
2.619
2.691
2.752
3.632
3.189
1.398
2.046
2.01
1.922
2.035
2.166
2.456
3.142
2.747
4.584
2.802
2.149
2.063
1.477
1.656
2.141
3.323
3.932
2.027
2.675
1.679
3.059
2.672
1.65
1.406
3.089
2.119
2.288
2.676
3.428
3.451
3.135
3.135
3.036
2.113
1.554
1.552
1.384
2.146
2.372
2.405
4.133
4.866
3.084
1.885
1.688
2.168
1.669
1.919
2.465
2.045
2.142
1.353
2.362
1.714
1.757
2.311
2.954
2.936
2.853
2.472
2.472
1.801
1.75
1.784
2.524
3.523
2.373
2.063
2.534
2.083
4.843
3.053
1.376
1.942
2.816
1.988
2.863
3.072
3.383
3.505
2.208
2.025
1.995
2.348
2.118
1.507
2.438
2.646
3.14
3.001
3.133
1.568
1.726
1.736
1.258
1.352
2.131
2.322
1.558
1.476
2.64
2.583
2.169
3.294
3.407
4.317
2.877
2.875
1.874
2.267
1.907
1.777
1.395
1.402
1.443
1.528
1.955
2.069
2.279
2.279
2.76
1.339
3.488
2.486
3.08
3.256
1.895
4.578
2.641
1.936
3.878
2.199
1.701
2.28
3.087
2.156
1.294
3.422
2.451
1.462
1.212
1.494
2.086
2.182
1.977
1.721
2.089
1.854
1.407
1.541
2.515
1.865
1.997
2.938
1.55
1.199
1.631
0.878
1.262
1.222
2.6
1.641
1.081
1.001
1.487
1.278
1.095
1.514
1.209
2.065
1.361
1.166
2.017
1.365
1.471
1.955
1.854
1.887
1.589
1.624
3.071
3.773
2.387
2.564
1.088
0.985
2.693
3.7
1.55
1.041
1.273
2.046
1.587
2.859
1.501
1.501
1.852
1.316
1.066
1.233
1.104
1.252
2.381
2.939
3.704
1.314
1.179
1.309
2.677
2.257
2.909
2.133
1.375
1.409
1.938
0.87
1.853
1.17
1.51
3.178
3.494
1.66
2.888
2.539
1.589
2.345
2.774
1.451
1.662
1.299
1.315
2.573
2.214
2.253
1.706
2.744
2.404
1.109
2.711
2.963
3.843
1.795
1.472
1.564
4.001
5.359
3.964
3.037
2.705
1.677
1.315
1.269
1.344
1.149
1.804
1.845
1.573
4.932
2.721
3.282
4.251
3.627
3.529
3.546
2.817
1.485
3.23
2.494
5.675
1.609
1.811
3.381
3.7
2.558
3.652
2.921
1.911
2.076
1.3
1.235
2.458
1.734
1.334
1.979
5.083
2.337
1.34
2.731
3.328
1.882
1.45
1.48
1.466
2.547
2.174
1.535
1.792
1.598
2.747
2.681
4.087
4.637
2.274
2.274
2.274
2.274
1.926
1.525
1.674
1.992
2.391
2.297
1.755
4.203
6.138
2.553
2.405
2.238
4.262
3.831
3.606
1.487
2.705
2.308
3.102
2.867
2.014
2.492
2.506
1.31
1.638
1.363
1.892
2.667
2.451
3.461
1.762
3.38
3.366
4.634
3.632
2.567
2.123
1.726
2.117
2.638
2.64
3.23
2.803
1.779
2.331
3.853
3.747
2.313
2.057
2.627
4.237
1.855
2.089
1.387
1.6
2.414
4.747
2.329
1.759
2.396
1.385
2.669
2.206
2.265
1.655
1.838
1.872
1.963
2.069
1.705
1.823
3.501
1.646
2.781
3.116
3.716
1.682
2.09
3.046
2.068
2.006
3.566
2.42
2.678
2.53
2.161
3.201
1.904
1.394
1.939
4.45
3.1
3.596
2.743
3.176
3.221
3.081
2.325
3.072
2.77
3.535
3.45
2.568
2.921
2.15
2.223
2.918
2.575
2.617
3.481
1.322
2.354
2.448
2.508
2.681
1.696
2.59
3.027
3.258
3.087
2.347
2.106
2.852
4.204
2.874
2.61
2.979
3.191
3.135
1.443
2.345
5.399
2.111
1.365
1.851
2.779
3.03
3.293
2.769
2.068
1.913
2.865
2.522
2.053
1.731
2.013
2.277
2.582
2.391
1.856
1.995
2.189
1.713
1.858
2.855
2.977
3.285
3.595
2.071
2.388
1.304
1.716
1.611
1.652
2.138
1.545
1.382
1.492
1.334
2.348
2.38
1.993
1.998
1.605
1.844
2.236
1.696
1.218
2.622
1.546
1.948
2.406
1.642
1.995
2.025
2.008
0.837
1.613
1.788
1.845
1.749
1.58
2.906
2.1
1.987
1.765
1.602
1.331
1.331
1.185
1.509
2.806
2.249
2.093
0.965
1.67
1.661
2.067
2.141
2.297
1.531
1.001
1.521
2.383
2.348
1.302
1.358
1.487
1.155
1.649
1.441
1.133
1.447
3.552
1.328
1.306
1.196
1.985
2.344
2.544
2.882
1.75
1.509
1.693
1.661
1.131
2.675
1.625
2.545
1.407
1.767
2.023
1.605
1.997
4.653
1.447
1.275
1.748
1.78
1.998
2.479
1.193
1.709
1.416
1.463
1.362
3.378
1.425
1.381
1.293
1.073
1.234
1.273
1.156
1.485
2.691
1.267
2.383
3.066
1.418
0.644
2.073
1.226
1.396
0.934
2.368
2.378
1.51
2.385
2.675
2.216
5.671
3.403
0.944
1.126
1.557
1.45
1.74
1.542
1.139
1.274
1.377
1.81
1.983
2.334
1.617
2.834
2.85
3.096
2.231
1.153
5.74
0.959
1.314
1.278
1.326
1.229
3.241
1.813
2.186
1.851
3.839
2.325
1.528
1.831
2.314
3.317
3.507
1.8
1.885
3.02
1.699
1.885
2.587
2.039
3.116
2.219
2.49
7.02
3.14
5.249
2.788
2.507
1.995
2.741
2.485
2.758
1.763
3.045
2.912
1.524
2.498
2.963
2.964
1.595
1.367
1.435
1.628
1.594
3.698
3.907
3.726
3.669
3.483
3.67
1.272
3.111
2.373
1.573
2.825
3.12
1.762
4.221
3.959
1.373
1.362
1.672
1.824
1.604
2.381
2.209
1.617
2.815
2.341
2.637
2.009
2.824
1.77
3.096
2.3
3.696
2.332
1.929
2.869
1.347
2.154
1.587
2.319
2.897
3.61
3.699
3.081
2.714
1.15
2.494
2.442
1.736
2.521
3.551
2.852
2.906
2.338
6.319
3.443
2.872
1.601
6.161
2.09
1.947
1.831
1.946
5.8
5.516
2.032
2.647
3.068
1.346
1.95
2.509
3.264
2.552
2.472
1.943
2.22
1.933
1.472
3.075
3.145
2.753
3.175
4.002
3.554
3.624
2.194
3.132
2.819
3.668
3.227
2.565
1.738
2.235
2.336
2.402
3.714
3.701
4.911
2.971
2.568
1.603
3.348
2.137
1.645
1.464
2.041
5.094
2.464
3.714
3.288
2.209
2.888
2.2
2.266
1.422
2.374
1.898
2.998
1.73
5.745
3.466
2.867
3.067
2.699
2.118
2.591
2.713
2.205
2.833
3.248
4.571
2.873
2.753
2.382
2.319
2.663
2.723
2.723
1.944
2.941
3.213
1.659
1.866
3.774
2.66
2.449
1.735
2.494
2.541
2.251
1.483
2.124
2.969
3.23
3.084
4.145
3.892
1.806
2.179
1.858
1.683
1.568
2.149
2.119
1.756
1.306
1.383
1.963
2.204
2.029
4.6
2.417
1.866
1.668
1.802
1.678
3.359
1.071
1.071
3.948
6.999
1.623
0.954
0.876
1.204
1.24
1.821
2.226
1.744
0.931
1.524
1.413
1.387
2.067
2.64
2.044
3.895
2.432
3.353
2.206
2.978
2.245
1.896
1.608
1.444
1.519
1.493
1.745
1.149
0.958
2.73
1.576
1.365
2.325
1.816
1.519
1.429
2.492
1.469
3.94
6.184
1.762
2.403
1.206
0.972
1.881
0.918
2.238
1.819
1.639
1.448
1.248
1.145
1.307
1.262
1.434
1.609
0.969
1.709
1.414
1.005
1.986
3.502
1.653
1.351
0.78
0.988
1.277
2.227
1.281
3.22
2.13
2.175
3.288
2.865
1.631
2.448
1.564
3.035
2.495
1.588
2.424
5.146
2.884
3.884
2.147
1.162
2.581
3.663
2.59
2.606
4.679
3.441
4.221
1.642
1.243
1.015
1.887
2.667
1.887
1.742
2.877
2.574
2.432
2.545
1.729
1.558
1.884
0.976
1.391
1.887
1.179
1.395
2.955
2.455
2.411
1.332
1.483
1.789
2.146
1.814
1.576
0.773
1.601
1.686
1.524
1.999
3.226
2.475
2.921
2.012
2.735
3.001
3.053
1.922
1.404
1.096
1.223
1.434
1.788
2.87
2.954
1.839
1.725
1.929
2.324
2.655
1.654
1.534
3.037
3.226
3.853
2.5
2.126
2.372
2.678
1.999
2.481
3.015
2.988
1.477
1.703
1.473
2.36
3.381
2.83
1.837
2.225
1.694
2.919
1.841
2.758
1.729
2.502
3.124
3.128
1.618
1.65
1.41
1.454
4.427
4.434
6.572
2.618
1.453
2.566
3.5
1.986
2.422
1.771
2.72
2.9
3.859
4.296
2.372
3.333
2.316
1.591
4.492
2.198
1.905
1.834
2.773
1.888
2.064
1.539
2.154
2.881
2.873
3.743
2.108
1.517
4.527
2.927
2.058
2.258
2.618
3.111
2.317
1.336
2.265
1.94
2.508
1.416
2.015
1.564
1.311
1.436
2.699
3.439
1.847
3.308
2.477
1.764
4.553
3.943
1.469
1.372
2.012
3.131
2.653
2.626
2.047
2.154
2.176
1.896
2.328
2.602
3.079
3.884
1.87
1.88
1.973
2.15
1.531
1.978
3.183
2.235
1.289
2.366
2.049
2.244
3.499
4.77
1.603
1.593
2.2
2.191
2.76
1.909
2.242
2.706
2.542
2.035
2.289
4.078
2.288
2.141
2.244
2.244
2.461
1.977
2.743
3.284
3.883
5.24
5.24
1.997
2.332
2.332
3.252
2.715
2.991
1.743
3.251
2.237
2.391
2.375
3.153
1.446
2.28
1.726
2.257
2.891
2.944
2.806
2.257
2.103
2.301
2.301
2.301
2.301
2.301
2.301
2.301
1.72
2.97
1.919
2.288
1.964
1.341
1.22
1.108
2.089
2.321
2.13
2.308
2.582
1.757
4.384
2.486
2.368
1.811
1.63
1.778
2.079
1.95
1.237
2.147
1.377
1.547
1.578
3.962
2.219
1.497
1.578
1.505
1.464
1.171
2.006
1.973
2.087
1.662
2.296
1.747
1.588
2.505
1.479
1.62
1.442
2.315
1.541
1.469
1.7
3.635
1.758
2.426
1.714
1.971
1.337
1.123
1.061
1.22
1.721
1.616
1.324
1.399
1.34
1.27
2.127
1.976
1.277
1.399
1.13
1.068
1.668
1.339
1.659
1.362
1.186
1.463
1.156
2.27
1.287
1.456
1.587
1.19
1.238
1.822
1.117
1.003
1.521
1.315
1.784
1.644
3.698
3.499
2.186
1.405
1.243
0.965
1.134
0.917
1.249
0.645
1.328
0.902
1.177
1.319
0.435
1.178
1.084
1.76
1.646
1.271
1.278
1.538
0.836
0.743
1.134
1.426
1.24
1.47
1.237
0.979
1.561
1.399
3.374
2.074
1.14
1.125
1.808
2.253
1.622
1.755
2.269
2.319
2.681
2.282
2.362
3.142
3.488
3.314
1.255
2.301
1.285
0.669
0.928
1.213
1.932
1.297
0.875
1.529
1.193
2.065
0.968
2.069
3.606
8.885
3.122
1.623
2.292
1.992
2.325
1.468
0.86
2.725
3.671
1.552
1.646
2.241
2.557
1.943
0.789
1.068
0.547
0.927
1.399
1.193
2.856
2.363
3.39
2.045
0.998
1.166
1.772
3.399
2.216
1.116
1.711
2.127
1.199
1.446
2.22
1.823
1.863
3.869
2.985
2.321
1.242
4.038
3.713
2.027
0.995
1.229
0.618
0.973
2.33
3.069
3.869
1.356
1.019
1.289
1.501
3.02
3.876
3.236
3.876
1.149
2.556
2.837
2.758
1.669
1.197
1.06
1.728
0.944
1.278
2.767
1.409
3.694
3.799
4.054
1.498
2.003
2.556
2.701
1.2
1.071
2.457
1.492
1.233
2.047
3.45
3.043
2.454
3.62
2.6
1.653
2.413
2.093
2.331
1.199
1.638
1.378
1.868
1.642
2.818
2.644
2.309
2.895
2.266
1.814
1.25
2.106
2.216
3.865
1.999
1.435
1.574
1.35
1.765
2.615
4.081
3.274
2.881
2.595
3.251
2.532
2.328
2.431
2.241
1.793
2.877
1.788
2.561
1.914
1.535
2.247
3.395
3.174
3.163
3.163
2.762
2.519
2.58
2.485
2.443
2.935
3.409
1.029
0.865
2.088
1.479
1.154
1.941
2.387
2.387
1.794
2.02
2.65
2.124
1.392
1.832
3.256
1.675
1.207
2.527
1.89
1.811
1.745
1.243
1.571
1.734
2.058
1.594
1.675
1.103
3.103
2.749
0.858
1.378
3.709
1.25
1.168
2.028
2.795
1.907
1.574
2.144
2.368
1.699
1.156
1.434
0.818
1.589
1.813
2.243
1.792
1.682
2.013
1.359
2.074
3.204
4.708
4.295
3.839
1.406
1.564
2.694
2.359
2.26
1.231
1.503
1.291
1.382
1.409
3.999
2.581
1.865
2.024
1.505
1.987
1.95
2.222
2.462
2.819
4.458
3.472
2.09
1.237
1.572
2.844
2.497
2.628
1.472
1.153
0.998
1.271
1.328
1.279
1.753
2.046
2.205
3.036
1.826
2.53
1.554
1.08
1.079
1.33
1.421
1.605
2.071
3.38
1.516
1.139
0.927
1.42
1.677
1.691
1.773
1.512
1.294
1.791
2.088
2.138
1.902
1.289
1.53
1.576
1.847
1.731
1.24
1.566
3.117
2.266
4.33
1.921
1.097
1.479
1.441
1.914
2.089
2.002
1.668
1.352
1.075
1.146
1.831
1.094
1.823
1.598
1.083
0.823
1.942
1.586
1.77
1.171
1.167
2.113
2.403
0.939
1.027
1.714
1.531
1.11
1.148
1.12
0.823
0.77
0.808
1.347
1.311
2.233
1.411
1.226
0.759
0.775
0.919
1.794
1.679
1.19
2.152
1.564
2.016
1.188
2.219
2.372
1.758
1.836
1.365
2.002
1.561
1.029
1.667
3.253
3.816
2.179
0.853
0.765
2.08
2.928
1.856
1.529
1.449
1.569
1.325
2.913
1.596
1.891
1.837
1.297
2.223
1.936
2.542
1.058
0.714
0.978
1.881
0.973
1.063
1.343
3.885
4.632
2.475
1.063
1.823
1.575
2.005
1.398
1.753
1.538
0.961
2.888
4.264
1.468
1.006
1.377
2.83
3.334
1.98
3.211
0.753
0.611
0.807
0.59
1.13
1.359
1.422
0.74
1.517
1.689
1.334
1.594
1.933
2.26
1.946
2.352
1.694
1.245
0.912
0.435
2.076
1.938
2.461
3.799
1.957
0.743
1.961
2.442
1.03
0.782
1.829
1.682
2.172
0.921
1.101
1.142
0.7
0.74
1.084
3.953
2.321
1.119
1.795
1.587
1.587
1.019
1.384
1.311
1.9
0.792
0.611
1.08
2.132
1.86
3.598
1.258
1.606
2.433
1.293
1.708
1.913
3.304
2.707
3.434
2.735
1.139
0.924
0.958
1.791
1.38
2.416
2.674
3.587
4.059
4.272
1.877
1.858
1.234
1.72
1.65
2.736
2.083
2.427
2.407
1.75
2.983
1.103
1.388
2.185
2.137
2.328
1.326
1.157
1.483
1.546
2.369
1.667
2.315
2.628
2.125
1.296
1.038
1.256
1.848
1.36
1.174
1.756
3.094
2.384
2.419
1.911
1.48
1.841
1.358
1.757
1.572
2.203
1.591
1.351
1.581
1.478
2.359
1.65
2.203
1.613
2.124
2.498
1.876
3.512
1.979
1.397
1.463
1.402
1.456
1.667
1.971
1.485
2.128
2.115
2.339
2.056
1.692
1.183
1.416
1.931
1.245
1.547
1.372
1.807
1.801
3.021
3.074
2.661
2.244
1.449
1.889
1.921
1.485
1.831
2.029
1.541
1.517
2.513
1.888
2.823
1.417
2.27
2.404
2.105
1.666
2.047
2.128
1.62
1.4
2.453
1.748
2.219
1.993
1.159
1.237
2.503
2.645
2.115
1.897
1.14
1.569
5.122
2.417
1.949
1.722
2.072
1.674
1.706
2.707
0.965
2.359
3.078
2.661
2.046
1.964
1.292
2.023
2.661
1.759
1.435
2.186
1.397
1.456
2.106
2.176
1.917
1.274
1.365
1.546
1.58
2.948
2.422
1.376
1.472
1.214
2.807
1.485
1.356
3.416
4.578
2.166
3.248
1.301
1.674
2.207
0.824
1.142
1.012
1.028
2.308
1.127
1.14
2.147
2.172
1.439
1.617
1.725
1.502
1.709
1.628
1.439
1.546
1.005
1.075
1.218
2.352
1.347
1.041
0.909
1.292
1.237
1.648
1.038
1.057
2.086
1.374
1.28
1.62
1.091
2.174
0.948
1.281
0.992
0.816
0.968
1.01
1.108
3.804
1.465
1.23
1.654
1.539
1
3.067
4.211
2.576
1.36
2.271
2.034
3.286
1.975
2.115
1.554
1.131
2.899
1.652
2.564
1.948
1.542
1.473
1.911
2.229
1.235
0.881
0.991
1.818
0.777
0.807
0.942
0.819
1.412
1.079
0.683
1.237
1.966
3.691
1.284
1.245
0.738
1.595
1.313
1.212
0.747
0.414
1.681
1.58
1.204
0.932
1.057
1.159
1.832
1.773
1.936
1.889
2.883
0.728
0.64
2.346
1.044
0.964
0.88
1.168
3.211
0.858
1.65
1.194
0.802
1.928
2.084
3.627
5.025
1.905
0.602
1.389
2.15
1.473
2.861
2.126
1.41
1.1
0.975
1.557
1.747
0.749
1.376
1.242
1.465
2.409
1.449
1.094
1.032
2.105
1.421
1.168
1.243
1.48
2.547
2.093
1.317
3.573
2.836
0.712
0.308
0.608
0.538
1.981
1.478
1.523
0.828
1.3
1.753
1.795
0.738
2.188
1.395
1.716
0.772
1.308
2.065
1.066
1.941
1.971
3.397
2.898
1.006
0.821
0.926
1.997
0.968
1.113
1.002
0.831
1.404
3.015
1.197
1.402
0.832
1.576
1.547
0.968
1.218
2.189
0.95
1.652
1.294
0.814
0.721
1.449
1.557
1.557
2.369
2.369
5.87
4.284
1.619
2.632
1.385
1.398
1.833
1.431
1.985
2.762
1.477
2.535
1.049
1.853
0.551
1.986
1.083
1.144
1.747
1.644
1.132
1.66
1.713
1.247
3.117
3.513
2.391
5.279
0.891
2.029
2.097
2.931
3.72
2.412
2.051
1.198
2.378
0.97
1.214
1.902
1.319
1.435
1.398
1.378
3.382
2.28
1.372
1.273
2.876
1.497
2.785
2.427
1.462
2.108
2.252
1.466
1.176
1.265
1.25
2.117
2.209
4.086
1.767
3.61
2.148
2.38
1.519
1.773
4.038
3.264
1.987
2.42
1.867
1.267
1.238
2.553
3.829
3.113
0.531
3.334
6.436
2.811
1.228
1.395
1.481
2.161
1.35
2.455
4.35
2.333
2.409
1.494
3.019
1.791
2.492
2.963
3.49
1.711
1.63
1.76
1.49
1.534
1.912
2.516
2.383
2.075
1.547
3.046
1.519
1.391
1.927
2.287
3.148
1.536
2.167
2.289
1.647
2.6
2.38
2.152
1.256
1.765
1.534
1.823
1.921
1.352
1.697
1.596
2.05
2.068
1.571
1.95
1.697
1.612
1.377
1.888
1.508
1.546
1.508
1.391
1.711
1.37
1.494
2.26
2.758
1.979
1.583
1.963
1.685
2.568
1.275
1.693
1.784
1.206
1.446
1.271
1.286
1.453
1.421
2.002
1.598
1.777
2.081
1.99
1.612
1.862
1.914
1.998
2.067
1.456
1.737
1.995
1.641
2.221
1.406
1.568
1.575
1.638
1.881
1.065
1.225
1.302
1.427
2.602
1.698
1.506
2.171
1.635
2.36
2.495
2.425
2.706
1.856
1.492
1.766
1.963
2.089
2.162
0.856
1.183
3.146
2.563
1.729
3.534
3.015
1.208
1.244
2.679
1.432
1.317
2.792
2.148
1.109
1.123
1.098
1.869
1.412
1.047
1.237
1.713
2.765
1.016
1.633
1.617
2.922
1.464
1.052
1.242
1.402
1.579
1.64
2.223
1.336
1.402
1.389
1.789
0.971
1.642
1.642
1.277
2.992
1.296
1.531
2.875
2.39
1.304
1.421
0.693
1.44
1.354
3.365
2.208
1.433
0.81
0.65
1.683
1.083
1.182
1.708
1.65
1.154
1.039
1.144
0.9
2.216
2.417
2.307
1.769
1.373
0.494
0.318
0.654
0.745
0.958
1.214
0.883
3.6
1.068
0.775
1.635
2.073
0.977
0.836
1.089
2.756
2.398
1.307
1.596
1.244
1.802
1.435
1.318
1.1
0.998
0.933
1.047
1.938
2.463
2.729
5.573
3.63
3.183
2.016
1.568
2.446
1.523
0.929
1.138
0.583
1.067
1.354
1.271
2.14
3.779
1.714
1.169
2.171
2.204
1.216
1.448
2.422
3.425
1.331
1.948
1.023
2.258
1.948
2.12
3.219
1.979
1.023
1.078
2.248
2.229
3.802
3.388
2.708
2.354
2.683
1.133
1.984
1.966
1.61
2.029
3.598
1.404
1.888
2.354
2.516
0.704
0.831
1.352
0.896
1.659
1.016
0.966
1.88
1.38
1.479
1.679
1.45
1.37
1.034
2.391
2.068
2.152
4.438
5.341
2.506
2.984
1.825
1.873
1.848
1.933
1.539
1.104
2.277
2.485
1.862
1.61
1.581
2.3
1.567
1.289
2.6
3.563
3.177
2.523
2.144
3.505
2.073
1.14
0.909
1.609
2.203
1.902
1.823
1.078
1.479
2.235
2.223
2.021
0.898
2.039
2.648
2.281
2.81
3.159
3.485
2.921
1.943
1.442
3.888
1.567
1.081
1.932
0.975
2.244
2.315
2.15
2.417
1.735
1.141
1.688
1.823
2.258
2.508
1.672
2.769
1.745
1.796
1.414
1.104
1.731
1.679
1.729
1.523
1.552
1.329
1.671
1.435
1.856
2.219
0.946
1.586
1.352
1.248
1.409
1.385
1.448
1.688
1.563
2.458
2.271
1.213
2.487
3.734
3.692
1.567
2.693
2.023
3.281
1.998
2.094
1.873
1.902
2
1.865
1.669
2.102
2.61
1.547
1.115
2.719
2.11
1.865
1.914
1.617
2.302
2.029
1.152
1.159
1.869
1.963
2.279
1.328
1.277
2.365
2.073
2.344
2.3
2.344
1.506
1.216
1.659
2.292
1.412
2.023
2.005
1.294
1.971
1.789
2.083
1.047
1.713
1.807
1.596
1.854
1.633
1.492
2.127
2.463
1.756
1.26
1.521
1.703
2.464
1.244
1.266
1.961
2.182
1.714
1.394
1.61
1.498
1.204
1.044
2.266
2.479
2.375
1.891
2.414
2.042
1.902
1.35
1.594
1.49
1.81
1.956
2.427
1.815
1.956
1.85
2.096
0.8
0.925
1.231
0.961
1.138
1.44
0.852
1.193
1.221
1.318
2.273
1.63
1.85
1.633
1.296
1.138
1.06
2.081
1.721
1.938
1.37
1.461
2.016
1.502
1.115
1.473
1.409
0.932
1.277
1.37
1.078
1.919
1.74
1.513
2.734
3
1.796
1.11
1.877
2.321
1.854
1.229
1.464
2.737
0.971
2.885
2.225
0.813
0.977
1.485
1.456
0.859
1.385
1.808
2.047
2.388
2.969
1.829
1.588
1.308
1.068
1.086
2.1
2.263
1.138
0.987
1.005
1.748
1.881
1.307
0.771
1.138
3.193
3.185
1.421
1.248
1.068
1.516
1.815
2.356
0.995
0.727
1.7
0.779
0.671
1.034
1.943
0.88
0.721
0.748
0.755
0.735
0.685
0.427
0.615
1.419
1.688
1.315
0.958
1.075
2.721
2.76
1.308
0.75
0.902
2.192
0.825
1.071
1.473
1.203
0.802
0.575
0.821
0.766
0.36
0.975
1.042
1.752
2.502
3.146
3.177
1.775
2.609
5.948
1.838
0.867
1.935
1.369
1.348
0.946
2.766
0.789
2.047
2.281
2.823
2.067
2.14
1.821
2.89
2.547
2.698
1.817
1.297
0.485
1.223
0.662
1.015
1.662
2.425
2.833
1.922
1.234
1.461
1.115
1.002
0.859
0.862
2.263
1.088
1.109
2.817
2.471
1.542
1.838
1.005
1.484
1.313
1.042
1.263
1.567
1.35
1.813
3.333
2.109
1.55
1.471
1.196
1.579
1.034
1.25
3.117
2.55
3.341
2.242
1.088
1.304
0.979
1.242
1.817
1.159
1.12
2.141
3.95
3.375
4.133
2.612
0.75
1.495
0.87
1.943
2.263
1.671
1.12
1.109
2.891
3.141
2.225
1.458
1.321
2.808
1.167
1.05
1.542
2.492
0.88
1.505
2.25
2.912
2.859
2.234
3.086
3.831
1.475
0.74
1.875
1.091
1.935
2.171
1.448
0.906
2.234
3.286
3.88
1.979
1.683
1.214
1.554
1.627
1.323
2.058
2.961
1.091
3.381
2.094
2.15
1.598
1.435
1.721
1.831
1.963
2.688
3.047
2.119
1.942
2.308
1.438
1.552
2.81
1.88
1.4
1.477
2.208
1.954
1.635
2.119
1.839
2.188
1.943
2.19
2.242
1.435
1.146
1.258
1.75
1.13
1.706
1.896
2.182
2.269
2.133
1.692
2.221
1.9
0.869
1.052
1.625
2.175
1.352
1.525
1.985
1.74
1.575
1.292
1.286
1.287
2.808
1.852
2.609
1.995
2.398
1.998
3.2
2.252
2.315
2.638
2.454
2.494
2.094
2.042
2.591
2.623
2.589
2.36
2.294
0.938
1.531
2.266
2.12
1.927
1.323
1.466
1.354
1.047
1.454
1.902
1.506
1.723
2.034
2.196
2.106
2.352
1.443
1.325
1.615
2.086
1.24
1.461
1.563
2.271
1.804
1.682
1.565
2.346
2.339
1.148
0.839
1.836
1.821
1.797
1.917
2.578
2.531
2.152
1.721
1.529
1.984
1.682
2.079
2.438
2.735
2.469
1.383
1.411
2.661
1.456
1.127
1.14
1.4
2.047
1.331
1.367
2.042
2.079
2.641
2.281
2.31
1.933
1.473
1.164
2.088
2.279
1.922
1.36
1.498
1.725
1.354
1.256
1.133
1.527
1.946
2.119
2.131
2.211
2.646
2.144
1.638
0.977
1.328
1.61
2.102
1.344
1.421
3.598
1.99
3.211
2.329
2.662
2.742
1.377
2.706
1.036
1.854
1.744
1.164
1.475
1.123
2.396
2.942
1.255
0.777
1.292
1.294
0.731
0.781
1.617
0.818
1.45
1.477
1.763
1.317
1.308
0.571
0.917
0.646
0.402
0.99
0.766
1.148
1.667
1.047
1.192
1.14
1.973
1.211
0.723
0.633
0.818
1.714
1.625
1.494
0.752
1.568
1.352
0.627
0.661
1.14
0.825
0.464
0.638
0.902
0.794
1.336
0.981
1.318
1.338
0.998
1.079
1.286
1.046
0.633
1.65
2.169
2.044
3.453
4.193
2.617
1.656
2.115
1.123
1.281
2.402
1.294
1.427
1.869
1.12
1.367
1.057
0.823
1.773
2.068
1.425
1.435
1.589
1.422
1.219
1.172
0.594
1.025
2.188
3.525
3.307
3.244
3.067
1.3
1.073
2.427
1.383
0.807
1.081
0.704
1.11
1.766
3.525
1.188
1.279
1.067
0.51
0.896
1.318
1.19
1.265
1.411
1.708
1.975
1.586
1.729
1.422
2.984
2.213
1.396
1.412
1.589
1.373
1.567
1.188
2.661
1.557
1.854
1.06
2.081
1.725
2.046
1.723
1.208
1.505
1.409
3.938
4.006
1.523
1.013
1.617
1.735
1.281
1.313
0.727
1.307
1.12
2.44
1.987
1.891
2.255
2.527
1.63
2.225
2.659
2.127
2.052
1.671
1.76
1.44
1.258
2.141
2.594
2.315
3.252
1.196
1.583
0.943
2.881
3.008
2.69
2.277
0.953
0.796
1.737
1.609
1.396
1.708
1.442
1.708
1.727
1.756
2.492
1.969
2.091
1.088
0.961
0.675
0.938
2.279
2.475
1.089
1.38
2.047
1.234
1.825
1.969
2.519
1.818
1.297
2.193
1.735
1.99
2.421
1.433
2.294
1.203
1.49
1.813
2.338
2.744
1.911
1.943
2.76
1.627
1.773
1.888
1.456
1.204
2.054
2.021
1.807
1.162
1.204
1.731
1.506
2.317
2.659
1.328
1.412
1.825
2.279
2.219
2.185
1.609
1.631
1.95
1.635
1.461
1.917
3.279
1.704
2.877
1.067
1.854
2.058
1.821
2.383
1.89
1.813
1.404
0.956
1.813
2.793
1.848
1.662
1.081
1.221
1.419
1.777
1.547
2.164
1.454
0.95
1.567
1.183
1.154
1.4
1.883
1.404
1.789
1.708
2.333
1.531
0.973
0.971
1.6
1.175
0.922
0.719
1.193
1.719
1.314
3.404
1.858
1.977
1.87
2.182
2.156
2.442
2.759
1.458
1.219
1.088
1.119
0.625
0.769
0.912
1.359
0.985
1.429
1.131
1.071
1.502
1.375
1.244
1.454
1.75
2.75
2.329
1.862
0.638
0.862
0.898
1.297
1.498
4.656
1.473
1.688
1.568
1.777
1.829
1.734
1.731
2.469
2.138
1.438
1.565
1.463
1.144
0.927
1.435
1.69
1.88
2.338
1.454
0.89
1.027
1.1
1.112
1.19
1.519
2.248
2.063
2.38
1.779
1.002
1.313
2.688
1.211
1.633
1.287
1.133
1.279
1.711
1.356
1.723
1.623
1.169
2.727
2.734
1.627
1.565
1.5
1.987
1.304
1.054
1.813
2.627
1.638
1.446
1.225
1.211
0.973
1.94
1.381
1.953
1.277
1.641
2.498
3.213
3.26
1.792
0.946
1.089
1.856
1.807
3.329
1.13
0.828
1.367
1.669
1.273
1.223
1.091
1.635
1.385
0.921
0.641
1.221
1.635
1.331
1.985
2.216
1.846
1.127
2.487
3.318
3.5
1.891
0.706
0.81
0.865
0.432
0.598
1.675
2.008
1.531
1.958
1.308
1.95
2.671
1.745
4.578
2.175
1.596
1.567
1.19
1.315
2.12
3.412
3.933
2.01
1.802
1.381
1.391
0.737
1.9
1.269
1.37
1.8
1.071
1.244
3.484
2.081
2.456
2.091
2.225
2.885
1.828
1.557
1.829
1.583
1.458
2.317
1.119
1.125
0.99
1.502
2.221
3.002
1.769
1.058
1.252
1.098
1.01
1.675
1.973
1.369
0.869
1.446
2.706
2.172
2.796
3.76
3.935
3.74
2.05
1.281
1.94
0.956
1.383
1.725
1.602
2.38
0.964
1.425
2.69
2.539
1.495
1.612
2.008
2.148
2.971
2.606
2.69
1.527
1.586
1.219
1.023
1.942
0.756
1.902
2.203
2.289
1.505
2.182
3.12
3.094
2.594
1.943
2.5
1.513
1.409
1.109
2.135
1.786
1.179
2.409
1.5
1.336
1.542
1.244
1.346
1.609
1.925
1.216
1.338
1.315
0.797
1.104
1.929
1.904
0.933
0.912
1.804
1.021
1.016
1.477
2.331
2.081
2.516
2.307
2.421
2.894
1.815
1.185
2.409
1.162
1.769
1.411
3.525
4.266
1.823
2.836
1.052
1.221
1.454
1.575
2.023
1.633
1.579
0.846
1.196
2.204
3.05
2.265
2.046
1.367
2.713
1.417
2.068
1.479
2.539
3.204
2.484
0.964
1.742
2.365
2.115
1.679
1.55
2.466
2.604
2.479
1.953
1.971
2.081
2.125
1.881
1.294
1.693
2.881
1.6
2.779
1.763
0.932
1.583
1.471
1.85
0.964
1.508
2.231
2.119
2.373
1.63
1.802
1.352
1.365
2.213
2.023
1.856
3.01
2.013
2.966
1.494
1.313
2.125
1.784
1.696
1.38
1.539
1.921
1.081
0.943
1.019
1.984
1.898
0.973
1.15
1.703
1.325
1.675
1.821
1.12
1.817
1.381
1.44
1.169
1.12
2.175
1.565
1.419
1.1
1.773
1.065
1.938
1.828
1.589
1.307
1.631
2.516
1.506
1.235
1.612
1.177
1.711
1.917
1.362
0.841
0.672
0.63
0.698
1.786
2.568
3.019
2.396
1.92
1.439
1.708
1.325
1.294
1.877
1.338
1.34
1.502
1.756
1.846
2.259
2.863
2.321
1.222
1.189
1.422
1.913
1.451
1.325
1.053
1.002
1.52
1.632
1.438
0.841
1.404
2.731
1.784
1.3
1.145
1.627
2.145
2.105
1.11
0.88
0.949
1.302
1.984
2.571
2.867
2.368
1.007
0.918
1.655
1.428
1.301
2.589
2.138
1.272
1.74
1.365
1.3
1.439
1.365
1.002
0.825
1.576
2.117
1.76
1.583
2.912
1.589
1.547
1.914
1.196
1.777
1.411
0.686
0.661
1.544
2.28
1.771
0.846
1.116
1.652
1.741
0.872
0.799
1.338
2.124
1.691
1.354
2.073
1.663
1.045
1.117
0.985
0.767
0.939
1.383
2.119
1.727
1.589
2.329
1.394
1.897
2.514
2.167
0.95
0.975
1.372
2.116
1.758
1.054
1.369
0.914
0.671
1.704
1.625
1.575
0.784
1.147
0.616
1.355
0.861
1.123
0.628
0.549
1.935
3.642
1.387
1.767
1.081
1.655
1.866
1.03
0.641
1.737
2.505
1.734
2.995
1.637
0.745
0.715
0.816
0.6
0.669
1.001
0.789
1.764
0.757
0.683
1.648
0.971
0.817
0.867
2.456
2.228
2.148
1.093
0.53
0.714
1.012
2.069
1.763
0.589
1.576
1.943
1.709
1.116
1.463
1.108
1.042
1.691
0.817
1.716
2.531
3.095
2.515
3.681
1.934
1.209
0.434
0.792
1.159
1.332
0.934
0.64
1.184
0.953
0.815
0.931
1.804
0.906
1.683
1.429
1.035
0.925
0.896
1.197
1.172
1.213
0.73
0.977
1.438
0.958
1.295
2.7
0.731
1.58
1.953
0.916
1.494
1.602
1.4
1.758
2.404
2.024
1.341
0.7
1.115
1.61
1.605
0.994
0.986
1.255
3.352
0.988
0.672
1.038
1.277
1.081
1.63
2.815
1.326
1.399
1.593
3.148
3.418
3.132
1.291
2.282
2.94
4.691
2.14
1.615
1.427
1.388
2.248
1.613
1.916
1.644
1.615
1.595
1.922
1.955
2.53
1.372
2.303
1.501
1.743
1.753
2.068
1.609
2.11
2.304
1.19
1.808
2.269
1.522
1.749
1.679
1.311
1.458
1.398
1.958
1.252
1.625
2.459
2.414
2.091
1.311
1.88
2.291
2.561
2.153
1.978
2.124
2.194
1.725
1.322
1.383
2.898
3.288
1.405
1.359
1.483
1.292
1.597
1.841
1.951
1.935
1.429
2.275
2.237
2.113
1.221
1.381
1.56
1.442
1.587
2.045
1.685
1.94
2.019
1.623
1.413
1.56
1.443
2.749
1.334
1.251
2.16
3.131
1.334
1.177
1.029
1.083
1.86
1.219
1.718
1.509
2.036
1.714
1.789
1.853
2.711
1.576
1.438
2.688
1.373
2.822
1.897
1.37
2.141
2.414
1.847
1.601
1.507
2.339
2.097
1.862
1.775
1.309
1.831
1.907
1.956
2.326
2.414
2.361
2.576
2.914
2.678
1.669
1.749
2.493
2.375
1.917
2.27
2.353
2.559
1.462
1.506
1.351
2.366
2.289
1.902
0.917
1.559
2.764
1.375
1.612
1.179
1.617
1.714
1.388
1.774
1.579
1.6
2.076
2.435
2.412
1.479
1.378
1.807
1.903
1.377
1.289
1.147
1.185
2.813
2.034
2.291
2.464
2.269
2.03
1.454
1.733
1.419
1.344
2.117
1.926
1.757
1.363
1.535
1.759
2.243
1.845
1.656
2.05
1.528
1.178
1.264
0.759
2.964
0.955
2.068
1.405
1.35
1.763
2.74
3.214
1.904
2.721
1.137
0.756
1.072
2.02
2.2
1.501
1.87
1.047
2.01
1.964
4.837
3.318
1.369
1.054
0.5
0.749
1.624
1.384
2.472
2.844
2.552
1.152
0.77
1.135
1.06
1.582
1.558
2.448
0.944
1.072
1.55
1.31
1.103
0.985
1.26
1.152
0.815
0.751
1.078
0.778
0.716
0.941
1.387
2.59
0.729
0.35
0.772
0.773
0.936
1.149
0.33
1.727
3.293
4.787
1.4
1.396
1.144
1.551
2.912
1.063
0.943
0.194
1.126
1.192
3.409
3.021
2.236
1.185
1.228
1.958
0.578
1.581
2.015
0.451
1.847
2.37
2.392
1.573
2.323
2.057
0.589
1.476
2.314
3.872
1.865
0.811
2.038
2.159
2.766
1.428
1.295
0.969
0.653
1.587
2.03
2.663
3.275
1.734
1.596
2.308
3.563
1.806
0.676
1.301
2.88
1.363
0.929
1.716
2.156
2.664
1.715
2.047
1.944
3.815
2.453
2.285
2.282
1.554
1.275
1.922
0.821
2.686
3.551
4.203
2.626
3.52
2.081
1.279
2.708
4.567
3.01
1.216
1.638
1.686
1.919
3.563
3.972
3.403
2.573
3.163
3.155
3.175
1.922
1.416
1.435
2.043
2.507
1.627
1.994
0
0
0
0
2.293
2.552
2.022
1.854
1.854
1.87
3.307
1.992
1.448
2.619
1.539
2.744
2.973
2.503
1.589
2.263
2.542
3.353
2.434
1.098
0.943
1.991
2.354
1.824
2.226
3.815
3.549
1.737
1.608
2.308
2.316
2.33
1.591
2.265
2.492
3.405
1.987
1.77
2.476
1.388
1.775
1.662
1.398
1.317
1.907
1.611
2.023
2.495
2.333
2.152
2.154
1.691
2.087
4.171
3.502
3.934
4.896
4.608
2.049
1.51
1.507
1.98
2.133
3.053
2.082
1.78
1.748
2.24
2.396
2.293
3.128
2.466
2.451
2.221
1.661
1.773
1.507
2.816
2.267
1.519
1.682
1.561
1.691
2.307
2.999
3.7
4.896
4.608
1.676
2.466
3.374
2.247
1.966
2.071
2.64
2.112
2.269
2.31
1.152
2.307
1.824
1.497
2.053
2.681
2.389
1.625
2.503
2.086
2.481
2.117
2.259
1.843
2.65
2.101
1.343
1.877
1.89
1.73
2.047
2.294
2.104
1.287
1.855
2.355
1.85
2.052
0.814
1.792
2.33
2.126
1.909
2.512
1.77
1.654
1.784
2.244
1.987
2.212
2.659
2.226
1.8
1.699
2.161
2.218
2.501
2.205
2.175
2.034
2.179
1.906
1.728
1.912
2.212
2.362
2.49
1.951
1.272
1.458
1.545
2.206
2.15
1.985
2.311
2.678
2.323
2.604
2.402
1.845
1.382
2.135
1.473
1.981
2.622
2.681
2.671
2.613
1.828
3.102
1.373
1.63
1.714
1.89
1.6
2.291
2.536
2.308
1.737
1.639
1.697
1.766
1.733
2.118
2.323
1.869
1.542
1.672
2.314
1.706
2.204
2.66
2.09
1.8
2.176
3.559
2.013
1.056
1.653
0.778
1.385
1.537
2.132
1.553
0.911
1.03
1.571
1.536
2.23
1.976
1.744
1.101
0.539
0.832
1.112
1.851
2.103
2.675
2.619
1.372
0.847
1.957
1.925
0.894
1.295
1.485
0.729
0.772
2.645
0.946
2.304
1.491
1.817
1.686
4.34
1.795
0.898
0.567
0.991
0.75
1.135
0.867
2.133
2.403
4.124
6.306
2.17
0.971
0.684
0.8
0.549
1.023
1.308
2.068
2.251
2.918
1.433
0.66
1.759
3.197
1.113
0.649
2.078
1.733
2.088
1.289
2.749
1.782
0.601
1.122
0.904
0.568
2.529
3.181
2.983
3.675
3.513
0.86
1.058
3.737
3.317
1.155
2.332
1.869
3.757
1.434
1.068
2.652
1.36
0.922
3.124
0.649
2.3
2.848
3.941
1.932
1.503
4.455
3.635
3.015
5.694
3.11
3.579
2.458
2.913
5.685
2.448
1.742
4.557
2.85
2.091
0.999
3.035
1.641
1.446
1.508
0.624
0.894
1.216
1.373
0.981
1.953
0.89
0.942
0.992
1.554
0.979
0.729
0.738
0.733
1.252
1.672
0.961
0.994
1.053
1.464
1.127
1.458
0.969
2.223
1.706
1.483
2.124
1.759
2.271
1.36
1.509
1.399
3.12
3.23
1.85
3.583
2.532
1.22
1.147
1.186
1.595
1.925
3.387
1.583
2.657
1.619
2.733
2.534
1.176
3.493
2.618
1.807
1.162
1.809
0.7
3.189
2.63
2.214
1.471
3.358
2.59
1.571
1.762
1.586
0.994
0.948
1.282
2.052
3.58
1.341
2.653
2.3
1.301
1.403
2.676
2.159
1.086
1.742
1.86
1.83
3.646
2.914
0.464
0.721
0.935
1.345
1.122
2.765
2.481
3.634
3.154
2.407
2.188
1.787
1.227
1.273
1.979
2.532
1.795
1.961
1.448
0.843
0.946
0.917
1.279
0.514
0.887
0.625
1.686
1.156
1.461
4.365
3.449
1.27
1.05
1.02
1.394
1.095
1.788
2.117
1.019
3.172
1.742
2.188
1.859
0.595
2.823
0
1.102
0.432
1.616
1.22
0.352
0.667
1.51
0.431
1.766
1.803
1.713
1.703
1.235
0.976
2.089
1.378
1.44
1.756
1.388
1.141
1.074
1.774
1.429
1.22
1.005
2.612
1.363
0.602
1.249
1.093
0.711
1.56
0.961
1.622
0.575
0.449
2.573
0.862
2.42
2.777
3.242
2.005
1.208
1.034
1.888
1.477
1.314
1.341
2.09
1.716
1.936
1.126
0.436
0.508
0.801
0.303
1.414
1.928
0.469
0.86
1.317
0.919
2.426
1.796
0.274
0.62
0.742
1.759
0.692
1.868
2.015
1.826
1.257
0.868
0.977
0.627
0.846
0.199
0.617
0.796
0.479
1.936
1.569
0.707
1.301
1.814
2.176
2.674
2.579
2.806
2.788
0.567
0.225
0.314
0.854
0.625
1.163
0.604
0.686
1.647
0.624
1.601
1.355
0.52
1.531
1.709
2.001
1.333
1.831
0.872
3.295
4.265
3.341
3.844
1.356
1.321
3.057
1.603
0.528
0.993
0.581
2.5
0
0
0
0
0
0
0
0
0
0
0
0
0
0
1.551
1.314
1.995
3.431
1.094
1.844
1.054
2.176
0.731
0.824
0.619
0.707
1.619
1.991
1.451
2.5
2.458
2.846
1.463
0.512
0.285
0.823
0.31
1.304
1.964
1.126
1.425
1.208
0.59
2.293
0.777
0.612
0.601
0.172
0.762
1.208
0.743
0.691
2.009
1.523
1.287
0.211
1.873
1.539
0.774
1.707
1.183
0.683
0.789
1.666
0.545
0.428
1.853
1.493
0.414
1.488
3.097
1.508
2.698
1.42
1.813
5.865
2.59
0.844
0.603
1.207
0.881
0.799
0.138
0.653
0.616
0.986
0.697
1.003
1.62
0.472
1.579
1.24
2.721
2.287
0.855
2.149
0.271
3.089
1.784
1.332
2.368
0.454
2.175
0.866
1.73
1.176
2.279
0.943
2.823
3.416
2.273
0.935
0.264
1.398
1.782
3.47
1.656
1.828
1.814
1.72
0.911
1.928
2.367
1.275
3.072
2.757
1.425
1.251
0.473
1.074
1.523
2.499
1.661
0.333
1.153
0.37
0.645
1.359
3.442
1.597
0.707
0.902
0.83
1.148
0.424
1.5
2.208
1.984
0.976
1.284
2.236
0.738
2.096
1.965
2.588
1.563
2.727
2.691
1.64
0.797
0.854
1.84
1.132
1.515
1.301
3.2
5.159
1.008
1.853
1.083
0.736
0.752
1.307
0.987
1.256
1.634
2.353
2.959
2.502
3.003
5.479
4.024
1.306
1.691
1.669
1.382
1.679
2.681
5.056
4.867
2.036
1.862
0.961
0.2
1.015
1.92
2.73
4.701
2.377
1.529
0.719
1.531
4.927
1.823
0.933
1.12
2.653
1.667
2.045
1.764
2.03
2.559
1.833
1.153
1.336
1.15
1.252
1.596
1.267
1.369
1.98
2.671
2.536
1.858
1.079
1.094
1.4
2.389
1.726
1.822
0.916
1.281
1.113
1.181
1.841
2.979
1.727
1.844
1.035
1.095
1.064
0.728
1.044
1.27
0.961
1.303
1.024
1.382
1.419
3.829
2.177
1.304
1.766
1.242
1.588
1.459
2.013
1.461
1.271
1.978
1.256
1.52
1.679
0.917
1.291
1.007
1.731
2.684
1.446
1.459
1.737
2.058
1.409
1.382
1.472
1.278
1.222
2.33
1.965
1.412
1.058
0.593
1.944
2.159
1.571
1.928
2.542
1.889
0.92
0.92
1.112
1.684
1.229
1.527
0.843
0.896
0.958
1.969
1.021
1.922
0.972
1.369
1.572
1.694
4.139
3.251
1.118
1.626
1.541
2.255
2.12
1.854
1.41
0.547
1.127
1.096
1.049
0.578
1.14
1.73
1.222
1.704
1.762
1.834
1.948
1.997
2.134
1.781
1.25
2.888
2.196
2.681
1.242
0.991
1.528
2.485
1.635
1.318
0.778
0.865
1.241
1.791
1.569
0.852
1.505
1.395
1.439
2.322
1.315
1.959
2.667
1.69
1.77
1.988
0.872
0.755
0.816
0.465
1.332
2.255
1.608
1.192
1.094
2.47
1.961
0.775
0.568
1.544
2.022
2.447
1.55
0.524
0.407
0.833
0.85
0.839
0.45
0.345
0.791
3.189
1.662
0.326
1.98
2.321
0.726
1.24
1.076
0.396
0.069
1.188
0.573
0.811
0.03
0.457
0.751
0.935
1.066
0.76
0.748
1.205
1.045
1.214
1.159
1.801
1.61
1.531
3.44
3.338
2.637
2.779
2.11
2.639
1.206
0.936
1.02
1.449
2.153
1.847
2.661
2.787
1.6
2.212
1.3
0.819
1.657
1.991
2.671
1.764
1.025
2.128
1.277
1.359
1.493
4.513
1.316
1.218
1.326
1.541
1.022
0.793
0.863
1.133
1.315
2.061
2.529
2.815
1.054
1.029
0.907
1.02
2.066
0
1.112
2.08
1.301
2.747
1.809
1.663
1.367
1.075
1.573
1.456
0.944
1.088
1.451
1.958
1.205
2.154
1.609
1.343
1.441
1.785
1.748
1.399
2.057
1.936
1.285
1.777
1.89
1.441
0.791
1.824
1.854
2.525
1.657
2.484
1.336
1.159
1.534
1.543
1.329
1.731
2.554
2.432
2.41
2.707
1.383
1.125
2.259
1.288
1.803
2.343
2.72
2.784
2.294
1.767
1.601
1.882
2.063
3.618
2.337
2.711
3.499
3.324
5.612
6.002
4.579
2.626
2.088
1.972
2.041
2.264
1.925
1.351
1.521
2.667
3.084
3.382
2.765
1.679
1.642
2.497
2.641
2.148
2.222
2.836
1.361
2.144
1.837
1.854
2.966
2.098
2.02
2.117
1.28
1.747
1.637
2.381
2.38
2.334
1.748
2.657
3.508
2.367
2.903
1.509
1.907
1.488
2.054
2.596
1.863
2.896
2.466
2.05
1.936
3.86
4.005
3.627
1.912
2.288
1.212
2.02
2.042
1.954
2.294
1.296
1.542
1.852
1.881
1.77
3.135
1.628
2.153
2.501
2.971
1.921
2.48
4.699
3.876
2.843
2.249
2.787
2.115
1.737
2.345
1.552
1.896
1.321
1.894
1.914
1.593
1.824
3.074
1.877
1.583
2.262
1.769
2.186
1.752
1.451
1.565
1.519
1.269
1.606
2.391
1.928
2.03
1.874
1.981
1.731
1.499
1.502
1.883
2.052
1.986
3.387
2.059
1.561
2.295
2.745
1.873
1.652
2.242
2.385
1.779
1.212
2.912
3.008
2.569
1.653
1.872
1.301
1.944
2.418
1.942
1.9
1.887
2.272
1.588
1.846
1.709
1.979
1.656
1.571
1.736
2.674
2.281
1.213
1.398
1.841
1.652
2.471
2.087
1.881
2.079
1.516
2.12
2.233
2.751
2.3
1.573
1.965
1.495
1.852
0.992
1.544
1.984
1.954
2.069
1.947
2.378
1.831
1.407
1.86
1.995
2.297
2.484
1.806
2.536
2.515
1.703
0.972
1.334
1.098
1.397
1.907
1.33
1.436
0.958
1.168
0.801
1.368
1.516
1.212
1.402
1.88
2.216
2.648
1.102
2.987
2.179
1.559
1.31
1.435
1.523
1.844
1.921
2.563
2.444
1.514
1.346
1.99
2.271
1.814
2.226
2.168
1.37
1.73
1.236
1.473
1.229
1.858
1.617
0.922
1.536
1.492
2.113
2.138
5.53
5.362
1.76
1.484
1.586
1.253
1.111
1.933
2.22
2.62
2.34
1.721
1.639
1.26
1.495
1.727
1.112
1.134
0.919
2.439
1.547
1.675
1.929
1.138
1.498
2.8
2.209
1.453
1.101
1.416
1.922
1.279
1.844
1.856
2.561
1.471
1.406
2.278
2.566
3.009
1.589
2.157
2.567
5.22
5.469
1.848
1.817
2.028
1.42
1.696
1.854
1.021
1.995
2.352
1.095
1.747
1.322
2.282
1.661
0.832
1.188
0.958
1.34
1.255
1.185
3.403
2.148
1.258
1.093
1.446
2.469
2.762
1.711
1.907
0.943
1.84
2.83
3.169
2.069
1.868
1.927
1.715
1.245
1.206
0.744
0.781
1.164
1.025
1.843
4.545
3.124
3.887
1.764
0.933
1.969
1.804
1.831
2.182
1.95
1.522
2.144
2.831
1.591
1.448
1.2
0.847
1.159
2.094
2.351
2.271
2.14
1.55
1.53
2.131
1.634
1.512
1.236
2.976
4.866
1.951
3.675
1.706
1.175
1.941
1.571
1.619
1.472
1.056
1.637
2.735
3.37
1.569
2.068
3.159
1.578
1.218
2.826
1.666
1.321
2.19
1.355
1.255
1.368
1.264
1.403
1.561
2.378
3.875
4.153
3.161
2.657
2.453
1.546
1.963
2.67
2.767
1.809
1.473
1.144
1.301
1.785
2.56
2.194
1.534
2.426
2.515
2.991
1.454
2.248
1.605
2.818
1.525
1.896
2.39
1.6
1.935
1.854
0.797
1.942
2.225
3.471
1.116
3.742
1.984
1.251
1.735
1.45
2.933
3.339
2.527
3.16
2.112
2.168
1.972
2.28
1.962
2.348
1.573
2.097
2.398
1.704
2.12
2.027
2.841
1.725
1.959
1.297
1.955
1.622
1.707
2.052
2.213
1.171
1.543
2.559
3.109
4.188
1.823
2.179
1.808
1.747
1.601
3.968
3.997
2.087
3.09
2.561
2.102
2.035
1.983
2.036
2.064
1.74
2.451
1.308
1.59
1.308
2.135
1.921
3.152
1.878
1.249
2.635
2.683
2.286
2.031
1.534
2.696
1.826
2.938
2.11
2.001
2.362
2.209
2.007
2.213
2.78
1.403
2.212
2.668
3.147
2.252
2.866
1.89
3.332
2.119
1.696
1.681
2.799
2.069
1.519
1.45
1.491
2.372
1.279
1.762
1.661
1.909
1.456
1.946
1.884
2.309
1.811
2.282
2.418
1.885
1.731
1.704
1.44
1.35
1.439
1.459
1.931
1.3
1.668
2.446
2.266
1.729
2.556
1.367
2.547
1.62
1.546
2.381
2.593
2.807
1.924
2.076
2.049
2.044
1.803
1.743
1.255
2.738
1.913
3.056
3.575
2.708
1.476
1.188
1.62
1.91
1.457
1.877
2.034
1.876
2.487
2.032
1.785
1.938
2.295
1.515
1.154
1.245
1.333
1.637
2.002
2.228
1.955
1.787
1.803
1.848
1.84
1.216
0.9
1.066
1.289
1.729
1.877
1.491
1.628
1.774
1.765
1.859
1.725
2.404
2.961
1.912
2.069
1.6
2.087
2.919
1.139
1.059
2.152
2.544
1.45
1.63
1.597
2.571
2.014
1.859
1.168
1.382
1.578
2.494
1.249
3.477
2.398
2.846
1.85
1.362
1.535
1.591
1.515
2.85
1.451
1.728
1.984
2.481
1.948
1.625
1.255
0.796
1.096
1.175
0.866
1.469
2.698
2.639
1.571
1.343
1.066
1.442
0.699
0.847
1.781
2.493
2.913
3.745
1.865
2.943
3.815
1.905
1.756
0.891
0.637
1.06
0.885
0.927
0.884
2.064
1.046
1.426
1.846
1.983
2.191
3.277
3.083
1.859
1.763
1.911
1.786
1.775
1.538
2.424
2.396
2.804
1.466
1.706
1.064
0.997
1.097
1.162
1.89
2.683
2.256
1.587
2.469
1.469
1.492
1.176
1.626
1.904
2.273
2.434
2.2
3.831
1.817
1.751
0.985
1.551
1.247
1.299
1.154
2.182
2.832
2.907
3.473
3.035
3.209
1.648
2.721
1.619
2.586
2.654
1.558
1.351
1.157
1.808
2.544
2.105
2.221
3.743
2.177
2.222
1.117
1.572
1.032
1.869
1.718
3.094
3.975
2.297
1.389
1.782
2.252
2.689
2.391
4.061
1.557
2.594
1.509
1.366
1.411
1.403
1.669
1.796
1.928
2.986
1.778
1.968
3.193
3.753
2.962
2.803
2.574
1.466
1.086
1.168
1.566
1.324
1.618
1.605
1.865
1.649
2.438
1.758
1.931
2.586
1.946
1.957
1.873
2.052
1.882
2.679
2.359
3.162
2.277
1.9
1.582
1.775
1.375
2.15
1.838
2.4
2.5
1.9
1.863
2.572
3.317
2.348
2.816
1.919
2.399
2.001
2.132
2.053
1.933
1.649
2.655
2.182
1.951
2.037
2.353
2.045
2.547
1.911
1.419
1.509
1.833
2.138
1.976
2.647
3.032
3.866
1.742
2.01
2.505
2.302
3.527
2.941
1.647
2.249
1.853
1.706
1.88
4.116
1.978
1.403
1.769
1.572
1.708
1.844
1.186
1.753
1.458
1.19
1.586
1.468
1.801
2.477
2.464
2.492
1.987
1.248
2.293
2.014
2.221
2.61
2.543
2.225
1.825
2.197
2.63
2.684
2.245
2.206
1.734
2.119
1.914
2.206
2.135
2.861
2.184
2.796
2.304
1.988
2.49
1.55
1.64
1.925
1.678
2.25
1.916
1.868
1.907
1.961
2.507
1.281
1.954
2.256
2.082
2.491
2.368
2.418
2.132
1.374
2.133
1.733
2.944
2.591
1.875
1.383
1.544
3.269
1.682
1.983
2.28
2.278
2.955
2.068
5.235
2
1.507
1.78
2.191
2.264
2.09
1.802
2.394
1.412
3.355
1.953
2.943
2.024
1.716
1.733
1.52
1.382
1.413
1.521
1.611
1.808
1.354
0.873
0.959
0.791
1.235
1.258
2.192
1.068
1.382
1.832
1.794
1.659
1.606
1.979
1.293
1.617
2.17
1.909
0.947
1.071
1.288
1.332
1.094
1.515
2.016
1.586
1.736
1.925
1.293
1.038
1.442
1.409
1.868
0.922
1.623
1.959
1.802
1.184
1.762
3.469
2.387
1.523
1.863
1.319
2.469
1.153
1.116
1.1
1.141
1.248
2.285
2.594
1.709
1.194
1.47
1.413
1.874
1.076
1.015
1.428
1.689
3.711
1.435
1.267
1.105
0.803
1.359
1.461
1.66
1.964
2.175
2.155
2.244
1.764
0.939
1.928
1.272
1.62
1.308
1.377
1.793
1.822
2.065
1.146
0.959
0.738
0.862
1.552
2.797
1.696
1.782
1.575
1.422
1.616
1.924
2.873
1.502
0.892
2.348
2.722
3.201
2.291
2.028
1.734
2.47
2.718
1.72
2.128
2.388
0.747
1.931
2.081
2.08
3.56
2.179
1.197
1.865
2.747
1.505
0.876
0.767
0.748
1.294
0.653
1.248
2.065
0.946
1.098
1.049
1.015
1.932
0.747
1.712
2.878
0.987
1.634
1.516
1.204
1.046
1.594
1.935
1.633
1.439
2.726
2.249
3.681
2.295
1.419
1.326
1.615
2.831
2.145
1.81
1.869
0.929
1.856
1.416
2.514
1.524
1.843
2.546
1.788
2.289
3.315
3.906
2.128
2.12
1.282
1.311
1.012
1.253
1.324
1.09
2.058
2.956
2.441
1.037
0.851
1.366
2.765
1.679
2.332
6.977
3.428
1.487
1.668
1.962
1.006
2.286
2.831
2.008
2.87
1.69
1.192
0.791
1.348
1.281
2.188
2.119
1.959
4.365
2.737
1.97
1.417
2.366
1.943
1.145
1.986
2.072
1.837
1.787
2.05
1.726
2.721
1.404
1.748
1.267
2.061
2.522
2.933
2.063
1.515
2.919
2.475
2.503
2.332
1.422
1.661
1.642
1.918
1.65
1.877
1.356
0.858
1.441
1.688
2.317
1.226
1.529
2.444
1.741
1.529
1.672
2.024
2.788
1.545
1.549
1.571
2.08
1.887
1.589
1.774
1.544
1.698
2.233
1.953
1.491
1.451
1.569
2.023
2.185
2.366
1.938
1.846
1.973
2.395
1.797
1.524
1.924
1.256
2.178
2.012
1.52
1.813
2.516
2.453
2.287
1.874
2.463
2.581
2.738
2.113
1.626
2.481
2.101
1.608
2.828
2.218
2.411
2.135
2.579
1.859
2.176
2.494
2.682
2.602
2.064
1.403
1.85
2.995
1.77
2.443
1.907
2.817
1.771
2.102
2.123
1.885
2.403
2.377
1.605
1.722
1.954
1.948
1.204
1.45
1.543
1.852
1.811
2.899
1.328
3.862
2.898
2.141
2.336
2.367
2.749
1.729
1.455
1.868
2.241
1.954
1.692
2.171
1.98
2.02
1.573
1.861
1.66
1.574
1.715
1.972
1.659
1.444
2.064
1.762
1.741
1.709
2.148
2.293
1.528
1.346
1.287
1.655
1.624
1.388
0.991
1.688
1.922
1.26
1.939
1.993
2.314
2.272
1.545
1.88
1.856
2.569
1.322
1.888
1.251
1.139
1.314
2.167
2.53
2.029
1.274
1.11
1.119
1.493
1.919
1.615
1.657
1.7
1.561
1.434
1.319
1.383
1.115
1.17
0.814
1.635
1.628
1.774
0.819
2.61
1.56
1.568
1.207
1.333
1.513
0.834
1.037
1.648
1.859
2.052
0.737
0.936
1.292
1.189
1.541
1.097
0.94
1.365
1.045
1.649
1.624
2.819
1.535
1.167
1.785
3.598
2.017
1.743
1.41
1.771
1.348
1.074
1.127
1.188
1.412
2.426
4.757
4.493
2.274
0.894
1.023
0.684
0.858
1.804
1.219
0.888
0.944
1.404
1.094
1.097
1.047
1.998
1.461
1.295
1.082
1.09
0.942
1.01
0.84
0.855
2.01
2.988
1.99
0.97
1.005
1.01
1.153
1.002
2.274
2.718
2.391
1.479
1.367
1.022
2.642
3.282
1.457
1.188
1.242
2.497
0.979
0.705
0.745
1.172
2.188
1.922
1.852
0.787
1.447
1.264
1.91
2.487
4.789
2.453
0.557
0.881
1.468
1.494
0.832
2.164
1.803
0.647
1.865
2.303
2.598
3.194
1.961
2.091
3.738
2.192
1.286
1.341
2.444
1.545
0.907
1.594
1.414
1.606
2.373
2.602
0.75
1.535
1.183
2.781
2.653
5.208
4.166
1.69
0.966
0.663
0.645
1.226
1.304
0.874
2.185
1.647
2.287
1.828
0.919
0.94
1.851
2.868
2.26
1.81
1.205
0.872
1.62
3.116
3.234
1.339
1.853
1.532
1.882
1.149
3.138
1.89
1.343
1.722
1.369
1.164
2.931
4.872
4.249
2.389
1.346
2.012
1.615
0.828
1.791
3.064
1.002
1.557
1.294
1.314
1.881
2.302
1.587
1.247
1.554
1.416
1.578
2.738
2.331
1.3
1.924
2.806
1.538
1.862
1.616
2.218
1.688
1.105
2.862
3.661
2.405
1.454
1.257
2.042
1.521
1.574
1.903
2.086
1.299
2.175
1.715
2.295
1.634
1.924
2.01
1.839
1.808
1.531
1.781
3.178
2.124
1.775
1.093
2.623
1.922
1.89
1.846
1.628
1.443
2.152
2.258
2.788
3.869
1.786
1.315
1.742
1.494
2.078
2.814
2.447
2.517
2.313
2.384
2.097
1.571
1.435
1.625
1.492
1.593
1.898
1.661
2.601
2.765
1.885
1.516
1.7
2.14
2.061
1.951
1.85
1.815
1.845
1.892
2.292
1.838
1.858
1.404
1.479
1.759
1.678
1.579
2.475
3.091
1.277
1.605
1.633
2.443
1.874
1.874
1.661
1.395
1.314
1.742
2.181
2.383
2.326
2.039
2.358
2.023
2.87
1.727
1.917
1.759
1.916
1.979
2.275
1.744
1.454
1.666
1.789
3.884
1.779
1.843
1.463
2.144
2.291
2.086
1.933
1.948
2.399
1.259
1.503
2.26
1.617
2.159
1.782
1.848
1.832
1.454
1.659
1.618
1.998
1.602
1.132
2.439
1.574
2.745
2.634
1.795
2.154
2.186
2.147
2.031
2.745
1.7
4.31
2.275
1.881
2.24
2.712
1.495
1.898
1.718
1.878
1.515
1.029
1.861
1.891
1.396
2.701
1.199
0.885
1.464
2.179
2.024
1.979
1.959
1.432
1.326
1.916
1.156
1.794
1.15
0.933
1.178
1.169
1.315
1.337
1.425
1.115
1.446
1.814
1.667
1.194
1.392
1.432
0.781
2.302
0.928
0.928
0.787
0.774
1.429
1.723
1.88
1.736
1.318
1.236
1.929
1.846
2.433
1.646
1.508
1.859
2.117
1.862
2.052
1.711
1.81
1.869
0.402
0.843
1.352
2.624
1.301
1.086
1.086
1.473
1.174
1.339
2.527
1.291
2.163
3.709
3.6
4.394
1.095
1.365
1.932
1.063
0.407
0.529
1.619
1.853
1.002
1.243
1.06
0.796
0.9
2.868
2.692
1.168
1.64
0.958
2.958
4.409
2.328
0.539
1.126
1.373
2.495
1.397
1.145
1.138
0.551
0.884
1.005
1.248
0.806
0.742
1.525
1.537
2.911
2.949
1.145
1.012
0.883
0.85
1.617
2.002
2.308
3.265
1.688
0.858
0.897
0.821
1.428
1.235
0.721
0.485
1.369
1.559
1.279
1.552
1.05
1.052
1.015
2.281
1.459
1.377
0.633
1.576
3.042
1.288
1.103
0.742
2.082
2.075
1.625
2.149
2.839
1.873
1.086
1.42
3.757
2.19
1.368
1.119
1.113
0.999
2.249
2.374
3.069
1.478
1.427
1.693
1.988
2.02
2.257
2.523
1.497
2.407
1.334
3.801
1.715
1.863
1.788
2.146
2.468
1.684
1.116
1.326
1.674
2.578
2.707
1.397
2.185
1.427
2.076
1.845
1.163
1.446
2.157
2.586
3.222
1.362
1.037
1.502
2.194
2.809
1.912
1.735
2.962
1.154
1.486
3.066
3.138
4.108
2.938
1.699
1.346
1.271
2.152
5.214
2.907
1.578
2.12
1.531
1.61
1.844
2.933
2.425
1.222
1.418
1.006
2.097
1.892
2.141
3.348
2.744
1.829
2.412
2.086
1.299
2.175
1.715
2.295
1.634
1.924
2.01
1.839
1.808
1.531
1.781
3.178
2.124
1.775
2.127
1.606
1.925
1.907
2.829
1.733
1.884
5.177
2.718
2.113
1.924
2.521
2.063
2.955
3.41
2.561
2.383
2.281
3.852
2.053
3.012
2.458
1.44
1.576
1.537
2.244
2.53
4.205
2
1.537
1.731
1.333
1.753
1.894
2.156
2.081
1.929
2.448
2.419
2.005
1.5
2.12
2.362
2.729
2.207
2.247
2.139
2.414
2.535
1.906
1.752
2.111
2.042
1.821
1.75
2.826
2.719
1.169
2.33
2.098
1.964
2.373
1.789
1.315
1.608
2.168
2.139
2.318
2.559
2.03
1.744
2.404
1.846
1.706
2.35
1.772
1.575
2.266
2.388
2.025
1.969
2.223
1.911
1.853
1.722
1.918
2.009
2.587
2.292
2.684
2.924
2.737
2.747
2.05
1.766
2.635
1.963
1.626
2.307
2.5
1.594
1.892
2.24
2.869
1.488
1.516
1.883
1.922
1.407
1.713
2.05
1.841
1.718
1.873
2.179
1.852
1.529
1.536
1.311
1.873
2.3
2.271
2.353
2.038
1.389
2.259
1.551
1.868
1.602
2.334
1.892
1.28
0.984
0.508
0.875
1.365
0.9
0.909
0.863
1.263
1.547
1.736
1.038
2.147
1.895
0.928
1.719
1.356
1.163
1.313
1.284
0.927
0.785
1.778
1.412
1.353
1.22
0.938
1.223
1.294
1.174
1.513
1.544
0.888
1.023
0.941
1.153
2.281
1.157
3.49
1.756
1.359
1.759
1.361
1.227
0.946
1.829
1.725
1.042
0.899
0.981
0.799
1.343
0.845
3.039
2.402
1.249
0.691
0.868
1.366
0.868
1.177
1.167
1.024
1.208
0.891
0.787
0.856
0.926
0.868
1.471
1.611
2.285
2.61
1.948
1.918
2.313
0.998
2.047
3.322
3.56
0.528
0.716
1.505
3.584
3.017
1.427
0.834
0.67
1.275
1.281
1.403
1.153
1.644
0.869
1.255
3.979
2.125
1.971
1.367
2.737
3.869
2.631
2.204
1.543
2.829
2.424
4.677
2.613
1.209
0.593
0.89
1.811
0.573
0.771
0.725
1.132
1.374
0.997
1.623
0.956
3.204
2.677
1.785
1.936
1.141
1.887
1.635
1.682
2.302
1.301
2.132
2.279
2.704
2.583
1.255
1.049
2.968
4.049
2.557
0.896
2.316
0.957
1.648
1.27
2.053
1.676
1.324
0.823
1.234
3.248
1.958
1.492
1.586
1.113
2.464
1.469
1.862
2.807
3.061
2.471
1.409
1.711
2.34
2.66
1.358
2.262
3.113
2.472
1.906
1.731
1.745
1.185
1.453
3.765
2.696
2.499
1.899
2.815
2.333
3.036
3.365
4.023
2.377
1.524
1.451
0.793
1.638
1.431
1.963
4.24
2.546
4.166
2.229
1.031
1.563
2.105
2.485
2.115
3.58
2.826
1.874
1.646
1.954
2.403
2.51
2.816
1.641
1.916
1.142
1.339
1.977
1.642
1.602
1.828
3.025
1.859
2.003
2.352
1.9
1.997
2.065
2.539
2.167
1.321
1.723
1.624
1.765
2.244
1.92
1.348
1.568
1.493
1.381
1.903
1.828
2.362
2.341
3.184
1.806
1.865
2.017
2.176
2.216
2.032
1.832
1.968
2.244
2.096
1.858
1.691
1.654
1.65
2.119
2.638
3.932
2.045
2.045
2.488
2.301
2.402
3.19
3.387
2.729
2.39
1.859
2.637
3.038
1.889
3.038
1.889
1.443
2.523
2.417
1.825
2.041
2.131
1.688
1.67
1.837
2.757
2.917
2.617
2.326
2.013
2.676
2.537
2.16
2.392
3.11
3
2.961
2.751
1.589
1.852
2.198
3.068
2.181
2.752
2.035
2.006
2.347
2.664
2.166
1.899
2.015
2.154
2.6
2.288
2.478
2.852
2.988
2.455
2.703
2.029
1.855
1.916
2.351
2.854
2.116
2.257
1.964
2.516
3.059
3.655
3.141
2.698
2.671
3.156
3.35
3.243
3.377
3.792
2.161
2.659
1.524
2.197
2.172
2.541
1.775
1.679
2.346
2.837
2.153
2.025
1.9
1.85
2.877
1.656
1.45
1.652
1.765
1.791
2.906
2.7
1.62
1.394
1.521
1.703
1.965
1.936
1.653
1.396
1.641
1.872
1.323
1.509
0.938
1.149
2.51
2.618
1.353
3.682
2.17
4.417
2.905
1.888
2.238
1.52
1.557
1.515
1.439
1.315
1.295
1.207
1.314
0.833
0.935
1.649
1.203
2.22
1.02
1.624
1.269
2.274
1.53
1.729
0.462
1.53
1.155
1.608
1.558
1.641
1.721
1.841
1.382
1.641
1.92
1.97
1.553
2.751
1.253
1.84
1.622
1.289
1.196
1.138
1.492
1.549
1.59
1.574
1.59
1.219
1.353
1.436
1.192
0.999
1.769
1.59
1.453
1.959
1.799
1.928
1.961
3.567
2.465
1.561
2.67
1.06
1.109
1.451
2.104
1.566
2.221
1.486
1.14
1.881
1.595
1.799
1.473
0.632
0.964
3.095
4.806
2.677
2.866
2.344
2.763
1.424
0.97
0.672
0.947
0.997
1.069
0.854
1.704
1.635
0.918
1.073
1.355
1.896
3.166
1.777
1.376
0.873
2.05
1.289
1.006
1.256
1.806
3.715
4.558
2.703
0.892
1.429
1.498
2.488
2.563
0.936
1.981
1.49
1.424
1.155
1.888
2.019
1.483
1.025
0.803
2.65
3.201
1.645
2.196
2.867
3.403
4.611
3.532
2.076
2.025
1.787
1.257
0.884
1.3
1.262
1.663
1.955
1.369
1.675
2.28
1.596
1.7
1.075
0.943
1.046
2.06
2.213
2.883
2.398
4.088
3.072
2.494
1.005
1.758
2.023
1.229
1.635
1.385
1.292
2.176
2.132
2.238
2.027
2.691
3.072
2.608
2.598
3.311
3.757
3.373
1.578
1.284
1.667
3.313
2.866
1.541
1.228
1.735
1.362
1.608
1.884
1.039
1.594
3.194
4.929
2.641
1.983
1.615
2.889
1.181
1.767
1.821
2.106
4.008
2.958
1.466
2.164
0.828
1.282
1.868
2.888
1.37
2.196
1.491
1.615
2.792
3.613
2.017
2.375
2.698
1.147
1.747
1.649
1.74
1.947
0.932
1.545
1.109
2.177
2.899
1.902
2.179
2.009
2.213
1.37
2.722
2.692
1.976
2.118
2.659
1.769
1.749
1.918
2.37
1.944
1.814
2.019
2.025
1.728
1.715
1.527
1.907
1.609
2.85
2.042
2.529
2.238
2.439
1.895
1.652
1.817
2.512
2.319
1.778
1.513
1.436
1.319
1.642
1.992
2.355
1.521
2.042
1.468
1.479
1.63
2.006
2.411
1.5
2.289
1.766
1.985
1.259
2.399
1.681
2.648
2.638
1.7
1.6
1.733
2.427
1.881
1.079
1.881
1.645
1.862
0.863
1.257
2.497
2.091
1.204
1.396
2.27
1.149
1.62
1.845
1.645
1.632
1.225
1.962
2.94
2.796
2.287
1.669
2.418
1.218
1.61
2.017
2.448
1.971
1.611
1.699
1.744
1.435
1.837
1.775
1.591
1.814
1.544
1.892
0.938
1.568
2.534
1.727
1.054
1.939
0.638
0.949
1.789
1.708
1.975
1.192
1.569
2.186
2.231
2.086
2.116
2.146
3.212
2.373
1.714
3.28
2.233
2.19
3.998
1.294
1.39
0.899
1.076
1.757
1.938
1.639
1.095
1.208
1.168
1.199
1.64
1.618
1.176
6.041
3.09
10.424
11.47
4.078
5.431
8.003
2.731
1.683
4.244
5.566
5.595
3.395
5.022
3.417
1.777
1.355
1.339
0.902
1.205
1.507
1.302
0.801
1.749
1.396
0.987
1.416
1.091
1.291
1.285
1.31
1.359
1.354
1.448
1.209
3.888
1.479
1.148
1.243
0.927
0.61
0.703
1.44
0.965
1.293
1.806
1.623
1.336
1.186
1.301
2.005
1.543
1.233
0.696
1.089
1.784
1.522
2.675
0.854
1.159
0.866
1.292
1.034
2.042
2.023
2.598
1.229
1.407
2.122
1.356
0.804
1.543
5.73
8.675
3.975
5.448
0.809
2.097
2.449
0.814
3.985
0.794
0.784
1.654
0.963
1.153
1.317
1.375
0.85
0.77
0.773
1.823
3.404
2.666
2.238
2.185
0.62
1.209
1.527
1.715
2.719
2.719
1.74
2.25
3.971
1.451
0.895
2.074
2
1.627
1.376
1.329
1.579
1.236
2.554
2.824
2.909
1.942
1.892
1.307
1.034
2.422
3.177
3.256
3.199
1.875
1.664
0.902
1.786
3.19
2.841
1.453
0.943
1.387
1.343
2.132
2.944
2.016
2.005
0.975
2.133
2.532
2.633
2.128
1.578
1.626
1.287
1.373
1.169
0.638
1.072
1.101
0.961
2.206
3.626
2.588
1.275
2.034
2.813
2.125
1.299
1.299
1.443
1.111
0.892
2.128
1.417
1.133
1.247
1.398
1.704
1.822
3.016
1.751
4.341
3.616
2.641
2.564
1.926
1.527
1.183
1.772
2.672
2.433
1.272
3.119
5.088
2.774
1.394
1.587
1.35
2.265
2.153
2.108
1.191
2.079
1.838
1.7
1.936
1.795
3.45
2.56
3.476
3.258
2.669
2.149
1.814
1.623
1.725
1.348
1.662
1.155
1.56
1.582
2.034
2.605
2.286
1.174
2.01
2.242
3.157
1.443
1.476
1.913
1.383
1.477
1.587
0.881
1.424
1.311
1.851
2.207
2.161
4.233
4.736
1.463
1.677
1.907
1.086
1.605
2.106
2.101
2.336
2.51
1.801
1.214
1.705
1.92
2.068
2.535
2.44
3.054
2.19
1.355
1.691
1.596
1.473
1.337
1.392
1.948
2.002
2.431
1.566
1.664
2.218
2.565
1.778
2.348
1.744
2.642
2.186
2.399
2.824
2.043
2.332
2.618
1.657
2.345
1.985
2.544
3.605
2.059
2.44
1.713
1.868
2.097
2.505
2.684
2.038
1.869
1.6
1.994
1.789
1.89
2.389
2.341
2.373
2.586
2.5
1.92
0.932
1.639
1.652
1.192
1.737
2.435
1.439
1.802
1.571
2.331
3.032
2.628
1.859
3.091
2.112
2.067
2.258
1.984
2.19
2.477
1.778
1.9
1.753
2.172
2.135
3.001
4.024
1.919
2.493
2.303
1.538
2.33
2.331
2.486
2.813
2.546
1.522
1.42
2.057
1.991
1.91
2.179
2.708
2.074
1.868
1.624
2.609
2.319
2.5
2.119
3.005
1.681
1.191
1.138
1.881
2.089
2.336
1.891
2.089
2.032
2.451
2.036
1.461
1.972
2.065
2.495
2.939
4.139
1.532
1.778
1.81
1.059
1.822
1.616
2.012
1.777
1.887
1.463
2.139
2.093
1.946
1.133
1.235
1.455
1.92
1.128
1.231
2.001
1.205
0.988
1.128
1.602
1.464
1.334
1.084
1.308
1.444
1.409
1.998
0.818
0.182
2.419
2.414
2.109
1.456
0.889
1.35
3.002
1.891
1.546
1.155
1.706
2
1.201
1.822
1.101
3.472
1.537
1.398
2.436
0.929
1.348
1.755
1.131
1.358
1.185
0.679
1.181
1.61
0.957
1.041
0.97
1.208
1.16
1.977
1.405
1.789
1.072
1.131
1.94
1.522
0.916
0.926
1.061
0.634
0.925
0.669
0.709
1.186
3.353
1.12
1.402
0.667
1.14
1.248
1.36
1.381
1.669
2.398
1.594
2.303
2.009
2.051
1.928
3.115
1.775
1.083
1.091
2.269
2.369
0.851
4.163
5.309
2.3
1.749
2.047
2.748
1.306
2.301
3.728
1.759
1.45
1.792
1.566
1.749
1.73
0.862
2.179
1.008
1.61
3.038
2.125
1.375
2.719
3.726
2.125
0.896
1.337
1.83
1.411
3.098
3.475
1.685
1.936
1.034
2.59
1.444
1.031
1.854
2.206
3.478
2.064
2.441
1.852
3.237
3.102
3.256
3.009
1.537
2.223
1.083
2.41
1.522
2.543
1.528
2.866
5.171
3.986
1.565
1.51
1.655
1.792
1.67
2.655
3.104
1.441
1.666
3.095
1.863
2.09
4.162
2.332
1.67
2.147
1.73
1.648
1.961
2.338
3.203
2.326
1.931
1.794
1.939
3.376
2.981
2.883
1.834
1.172
1.734
1.535
3.862
1.992
2.675
2.003
2.257
2.512
3.081
0.668
2.309
2.067
4.528
1.933
1.374
1.546
2.563
2.543
0.922
1.645
1.108
3.03
2.466
2.12
1.911
1.749
1.536
1.538
2.067
1.855
2.591
1.569
2.973
1.824
2.336
2.99
3.089
2.098
1.699
1.735
1.382
2.043
2.657
3.08
2.587
1.652
2.111
2.079
2.334
3.213
2.398
1.907
1.873
1.993
2.169
1.535
1.101
1.742
2.083
2.887
2.478
1.55
1.171
1.676
1.682
1.394
1.303
1.728
2.596
1.652
2.786
4.839
1.49
1.635
2.291
2.569
1.612
1.091
1.459
1.981
2.207
2.066
1.625
3.681
1.801
2.348
2.92
1.894
1.86
1.219
1.184
1.406
2.234
2.306
1.076
1.426
2.031
1.877
1.95
2.134
2.046
1.998
2.513
1.858
1.698
1.322
2.141
1.83
2.674
2.34
2.846
3.308
2.557
1.757
1.654
1.693
1.817
1.784
1.854
2.343
2.752
2.054
2.262
2.271
1.093
1.991
2.598
1.425
2.117
2.619
2.795
2.742
2.302
1.655
1.519
1.51
1.542
1.343
0.868
1.476
2.241
2.579
1.806
1.424
2.222
1.959
2.425
1.799
1.802
2.054
1.413
1.877
1.096
1.295
1.825
1.677
1.541
1.616
2.027
2.814
2.03
1.267
0.541
1.338
1.766
1.591
2.076
2.192
0.655
0.885
1.319
2.216
1.341
1.6
1.293
0.74
2.767
1.02
1.446
1.672
1.911
1.766
0.825
0.77
1.848
1.193
1.172
0.894
3.816
4.252
2.012
1.025
1.708
1.35
1.233
1.06
1.84
1.772
2.115
1.574
1.325
1.363
1.712
1.125
0.799
0.809
0.66
1.169
0.804
1.25
0.6
0.975
0.935
1.656
1.755
1.509
1.523
1.045
0.91
2.844
1.067
0.331
1.082
1.323
1.843
2.153
1.306
0.796
1.64
2.017
1.308
1.191
1.361
0.823
3.145
1.829
1.122
1.075
1.235
2.944
3.071
1.081
1.141
1.243
0.832
0.431
0.997
0.867
0.769
1.209
1.359
0.777
3.12
1.455
1.032
2.301
4.108
1.767
0.954
1.713
4.69
1.73
1.728
2.039
1.133
1.209
2.028
1.363
1.75
2.272
1.027
0.858
1.271
1.742
1.469
0.985
1.813
1.749
1.531
1.088
2.012
2.209
1.635
1.682
2.116
1.744
1.347
0.571
1.453
1.265
1.457
2.059
2.226
0.791
1.604
1.834
1.943
2.285
2.236
1.087
0.972
1.428
1.495
1.894
1.375
0.962
1.772
1.19
1.778
2.007
1.753
1.613
2.233
2.13
2.058
2.815
0.537
1.759
1.794
1.215
0.625
2.263
2.852
1.855
1.748
1.523
2.277
1.589
1.786
1.66
1.175
1.299
1.08
1.869
1.928
1.331
1.785
3.508
3.271
4.191
1.953
1.524
1.376
1.865
2.297
0.91
1.034
0.852
2.589
3.491
2.417
2.443
2.565
2.699
1.235
1.921
1.461
1.196
1.117
1.272
1.339
1.813
2.929
4.439
5.946
5.037
2.374
1.719
1.939
2.241
4.102
3.553
1.59
2.499
2.462
1.911
1.377
2.027
1.544
1.543
1.836
2.457
1.811
2.176
1.163
3.178
2.499
1.796
2.039
2.369
2.144
2.314
2.652
3.574
1.662
0.965
0.375
2.426
4.757
4.164
2.156
1.625
2.008
1.895
2.101
2.626
2.456
1.427
1.134
1.573
1.808
1.615
1.7
1.692
1.53
2.255
3.392
3.032
2.25
1.642
2.181
1.735
1.742
1.865
2.556
1.198
1.271
1.824
3.041
2.186
1.531
2.299
1.834
1.274
2.071
2.725
2.938
1.344
1.935
2.059
1.774
1.613
2.311
3.506
2.942
2.337
1.885
2.056
1.721
1.786
1.841
2.038
1.31
1.606
1.604
2.028
2.106
1.571
1.553
2.28
1.459
2.914
2.612
1.927
1.791
1.73
1.821
1.961
4.133
3.267
1.859
1.8
2.245
1.721
1.88
1.929
1.278
1.993
1.826
1.858
1.749
1.847
1.65
2.153
1.48
1.344
2.039
2.038
2.045
1.894
2.007
1.664
3.274
3.02
2.203
2.552
2.012
2.169
1.337
1.601
2.097
2.671
1.917
1.581
2.044
1.876
2.302
1.902
2.22
1.292
1.123
1.537
1.161
1.228
1.963
2.111
3.185
2.552
1.829
2.785
1.266
2.332
2.786
2.271
4.3
2.042
1.472
2.313
3.949
3.48
2.535
2.078
1.94
2.02
1.506
1.749
1.765
2.478
1.559
1.469
1.763
1.271
1.431
1.424
1.633
2.307
2.935
2.127
2.314
1.896
1.074
1.859
0.966
1.178
0.866
0.981
1.821
1.403
2.471
2.943
2.497
1.042
1.358
2.252
2.877
1.61
1.103
1.727
2.416
2.212
3.785
2.48
2.258
2.399
1.135
1.141
1.455
1.347
1.045
1.439
1.365
1.264
1.23
1.36
1.35
2.318
1.024
1.331
1.524
2.02
1.507
1.745
1.803
2.105
4.02
2.234
2.304
1.578
2.149
0.722
0.484
0.368
1.594
5.083
2.205
1.096
1.015
1.641
2.126
1.455
0.765
0.667
1.301
1.744
1.127
1.583
1.191
2.002
2.719
2.341
1.552
1.696
2.557
2.108
3.954
2.053
1.308
1.255
0.63
0.912
1.087
2.145
1.926
1.583
2.265
1.704
1.291
2.363
2.212
0.662
1.228
1.41
0.748
1.752
0.932
1.667
1.751
1.633
1.625
0.891
1.493
3.266
2.139
0.684
0.829
3.737
1.293
1.706
1.787
1.541
1.652
0.605
0.678
1.001
2.279
2.135
2.478
3.654
1.942
2.226
3.013
4.321
2.244
1.679
2.383
2.209
1.167
0.884
0.896
2.443
2.063
2.337
1.185
0.904
1.948
2.123
2.286
2.027
0.828
1.587
1.785
2.382
2.912
2.041
1.942
2.903
1.551
1.814
3.087
1.784
2
2.456
5.494
1.623
1.36
2.455
1.618
2.778
3.08
2.747
2.152
1.294
1.661
2.861
1.834
2.009
1.794
2.384
2.065
2.038
3.741
2.951
2.531
2.933
3.679
3.89
4.943
5.456
3.854
2.513
1.801
1.137
1.779
1.844
2.44
1.48
1.992
2.289
2.809
2.944
1.06
1.677
1.838
2.204
2.417
1.894
1.435
1.48
2.057
3.323
2.241
2.255
3
2.941
1.337
1.503
1.735
1.789
1.208
1.287
1.914
1.113
1.896
2.116
2.968
2.074
2.542
1.527
1.976
1.856
2.002
2.922
3.492
1.619
3.034
2.037
1.719
2.597
4.051
1.659
0.83
2.249
1.646
2.047
2.376
2.631
3.618
4.225
2.072
1.764
2.149
1.978
2.181
1.589
2.263
2.757
2.92
2.104
3.366
2.104
2.281
2.51
2.62
1.943
2.587
2.343
2.343
1.545
1.603
1.822
2.109
2.499
1.954
1.7
1.91
1.902
1.721
1.361
1.478
1.828
2.221
2.079
2.006
2.238
2.297
2.285
1.796
1.916
1.728
1.657
1.303
1.823
2.683
2.053
2.057
2.185
2.392
2.059
2.053
2.792
1.681
1.847
2.148
1.566
2.363
2.159
1.571
1.37
1.618
1.819
1.537
1.837
2.418
2.554
1.278
2.329
2.44
3.046
1.979
1.481
0.988
0.685
0.837
1.706
1.657
1.429
1.448
0.922
1.828
2.97
0.72
0.737
2.135
1.41
1.038
1.493
1.863
2.359
2.514
2.654
2.581
2.626
2.016
0.803
0.75
1.211
1.31
1.027
2.292
1.61
1.933
1.113
0.88
1.259
1.491
2.436
1.834
1.546
1.464
1.447
1.398
1.58
1.565
1.558
1.743
2.212
3.854
2.491
1.654
3.013
1.679
1.565
1.589
4.241
2.412
1.951
1.159
2.066
2.156
1.473
1.145
2.413
2.772
1.561
2.072
2.303
2.647
1.288
1.35
2.188
3.076
1.87
2.115
0.854
2.182
5.544
2.358
1.269
2.003
0.959
1.259
0.921
0.795
1.282
1.198
1.053
0.749
0.789
1.049
2.221
2.686
0.855
1.226
1.531
1.855
1.596
0.95
0.596
0.906
0.73
0.512
1.83
1.296
1.862
0.921
0.117
0.777
1.575
1.301
1.872
2.656
1.297
0.532
1.573
2.734
4.565
2.117
1.722
1.414
0.634
0.721
1.625
3.025
0.646
1.782
1.89
1.506
2.528
1.388
1.302
1.513
1.747
2.022
2.329
3.056
3.691
4.131
1.455
1.115
1.61
1.337
1.522
1.954
1.608
1.833
2.743
1.573
0.917
0.48
0.903
0.733
0.581
0.78
1.949
1.887
0.565
1.473
1.319
2.191
2.716
3.081
1.281
1.427
1.64
1.773
2.72
3.113
1.325
3.206
1.537
1.33
1.534
1.372
1.458
2.065
1.94
1.771
3.155
2.316
2.671
2.385
1.58
3.302
1.91
1.547
1.524
0.962
1.495
1.872
2.314
2.858
2.128
1.796
1.578
2.037
0.961
0.608
4.2
2.527
2.042
2.228
1.455
1.252
1.596
1.648
2.076
1.941
2.53
3.157
2.918
6.135
5.914
1.441
1.361
1.569
1.201
1.503
2.472
1.975
3.321
4.14
2.628
2.301
1.806
2.924
2.015
1.541
1.726
1.852
2.48
2.925
1.759
1.179
1.552
1.657
1.326
3.466
2.639
2.443
2.223
2.059
3.108
1.799
2.373
1.953
1.793
1.791
1.735
2.906
3.605
4.515
2.939
1.671
1.602
2.034
3.823
2.183
1.572
1.045
1.281
1.618
2.662
1.394
2.707
1.904
2.037
2.037
2.159
2.025
1.296
1.707
2.005
2.272
2.913
3.807
1.345
1.417
2.728
3.766
3.9
3.336
2.671
1.935
1.397
1.72
1.947
1.675
1.602
1.212
2.517
1.72
2.073
1.706
1.973
2.738
2.26
1.609
1.852
1.991
2.44
2.112
0.536
1.247
1.057
1.277
2.777
2.4
2.649
2.171
1.602
2.079
1.359
2.652
2.241
1.131
0.975
1.758
2.336
1.763
1.322
1.951
1.846
2.314
1.169
1.53
1.763
2.653
2.333
1.814
2.037
1.941
2.568
1.961
1.269
1.233
1.348
2.26
1.659
1.288
4.043
2.469
2.323
2.198
2.289
1.4
1.581
2.225
1.597
1.045
1.742
2.569
1.176
1.725
2.238
1.619
1.8
1.24
2.075
1.883
1.959
2.502
2.313
1.848
1.355
2.118
2.078
2.01
2.043
1.953
2.188
1.825
2.12
2.375
2.468
2.197
1.745
1.626
1.569
1.521
1.594
2.12
2.385
2.405
2.36
2.74
2.231
2.666
2.116
2.117
2.146
1.735
1.506
1.956
1.36
2.012
1.33
1.604
2.426
1.735
1.271
1.677
1.561
1.272
1.76
1.774
1.834
2.058
1.751
1.558
1.686
1.763
1.626
1.433
1.833
1.821
1.882
1.942
3.644
2.427
1.48
1.024
1.317
0.801
1.644
1.306
1.575
1.525
1.262
1.517
1.642
2.171
1.539
1.116
2.434
1.083
1.819
1.76
1.66
1.619
1.53
2.027
2.003
1.358
2.964
3.225
2.228
2.204
1.44
1.2
0.944
1.6
1.709
1.544
1.484
1.194
2.245
2.954
2.146
1.772
2.538
2.524
2.894
1.821
1.598
1.666
1.309
1.231
1.134
0.709
1.425
2.031
1.762
1.455
1.595
1.638
1.569
1.889
1.424
1.971
1.904
1.433
1.69
1.36
1.316
0.547
1.122
0.735
0.681
0.806
0.863
1.587
2.564
1.38
1.872
1.995
0.977
0.819
1.523
1.197
1.619
2.993
1.993
1.147
3.404
2.821
2.372
3.115
2.3
2.341
1.681
1.199
2.008
1.441
2.527
2.894
1.556
1.178
1.023
0.328
1.209
1.451
1.333
3.899
1.16
2.014
0.911
0.325
1.265
0.899
1.124
1.641
2.498
1.022
1.688
1.444
1.257
1.965
1.134
2.027
1.874
1.174
1.449
1.031
1.648
2.34
2.538
2.674
1.774
2.152
3.461
2.517
2.569
1.627
0.896
2.765
3.693
2.196
2.222
3.017
2.719
1.819
2.142
3.986
1.542
0.515
1.153
1.601
1.096
2.228
1.314
1.602
2.25
3.282
3.096
1.645
3.344
1.509
2.442
2.961
1.85
2.64
3.45
2.102
1.299
1.152
1.435
1.733
1.545
1.542
1.507
1.705
3.247
2.971
2.478
2.179
2.801
2.997
1.932
1.41
1.813
1.613
3.409
3.767
4.549
4.396
3.459
1.179
0.966
1.943
2.082
3.222
2.159
2.663
4.773
3.347
2.431
2.277
2.984
3.288
3.645
3.6
2.781
2.05
1.543
2.362
2.416
4.742
3.343
2.021
2.235
1.921
1.66
1.633
2.22
1.973
3.097
2.097
1.689
2.654
2.76
2.031
2.186
2.258
2.207
1.625
2.572
1.553
1.309
1.8
2.116
1.926
1.936
1.619
1.681
2.848
3.858
1.686
2.051
3.027
1.763
1.088
2.572
2.337
2.111
2.123
2.065
2.538
2.774
2.99
3.398
3.251
1.652
1.992
1.333
2.252
1.65
1.676
3
1.647
1.936
1.841
1.816
2.035
2.152
1.813
1.678
1.756
2.001
2.375
1.247
3.185
1.73
2.147
2.153
1.042
1.794
1.771
2.032
1.602
1.212
1.351
0.838
1.453
2.024
1.861
1.947
2.425
1.325
3.336
1.537
1.691
1.208
2.228
1.197
1.784
1.885
2.606
1.825
2.035
1.668
1.755
1.934
2.059
1.303
2.399
2.638
2.866
3.023
2.319
1.787
2.008
1.924
1.249
1.507
1.662
1.97
2.383
1.964
1.932
2.301
2.948
2.506
1.661
1.72
1.972
2.382
2.486
1.363
1.323
2.315
2.984
1.132
2.199
1.6
1.938
2.412
1.77
1.295
1.821
2.241
2.319
2.705
1.709
2.274
1.841
2.431
1.72
1.227
3.072
2.233
1.344
1.041
2.749
1.434
1.097
1.523
1.951
2.269
2.054
2.484
2.609
2.3
1.377
1.64
1.095
1.463
1.34
2.807
3.118
2.566
2.987
1.685
1.178
1.252
1.899
2.052
0.428
1.666
1.698
0.983
0.78
1.475
1.42
2.065
1.911
2.028
2.245
0.774
1.615
1.72
1.63
2.781
2.375
1.182
0.024
1.123
1.897
0.632
2.345
3.392
4.766
3.161
1.824
2.735
1.069
0.993
1.119
0.719
0.789
0.817
1.034
1.685
1.249
1.448
1.634
0.942
0.774
0.994
0.955
3.83
4.324
2.154
1.155
0.568
0.506
0.666
1.226
1.001
1.508
0.772
1.34
2.509
3.191
1.756
2.904
3.073
2.223
2.188
1.206
0.269
0.895
2.36
3.352
2.531
2.231
3.17
1.274
0.611
1.135
0.383
0.537
0.553
0.612
0.5
0.785
0.735
0.793
1.168
0.451
0.168
1.782
2.65
0.667
0.416
0.189
0.125
0.229
0.219
0.211
0.747
2.993
0.907
0.453
0
0.313
0.137
1.096
1.25
0.625
1.436
1.744
5.28
0.944
0.263
0.641
0.404
0.149
1.4
0.822
2.778
1.924
4.924
1.204
0.584
1.255
0.775
1.882
0.971
0.25
1.674
0.117
0.267
0.221
0.328
0.421
0.476
0.308
1.142
0.596
0.802
0.144
0.944
0.339
1.206
0.534
0.269
1.571
0.802
1.172
0.418
0.377
0.392
1.311
2.772
0.615
0.892
4.413
4.913
0.659
1.125
1.137
1.788
2.951
3.274
2.096
0.406
1.272
0.366
1.4
2.095
7.157
4.611
0.698
0.459
0.317
1.616
0.73
0.458
1.829
2.762
2.287
1.287
0.295
0.571
0.638
2.235
1.943
1.509
1.477
0.991
2.042
1.528
0.883
0.594
0.978
1.584
0.564
0.444
0.688
0.49
1.473
1.778
0.941
1.238
1.837
2.671
2.978
1.042
0.558
0.821
1.236
2.147
1.885
5.175
5.697
0.733
1.27
0.962
0.62
2.003
1.941
2.088
0.88
0.306
0.581
1.862
1.488
0.594
1.154
0.31
0.66
0.329
0.043
1.289
1.259
1.718
0.492
0.517
1.029
1.098
0.625
0.569
0.623
0.914
1.054
0.573
0.457
0.699
0.85
0.626
0.267
0.608
0.537
0.924
1.221
0.748
0.991
0.204
1.017
0.994
1.682
3.244
1.278
0.938
1.564
0.438
0.674
1.284
0.149
0.334
0.355
0.49
0.758
0.499
0.348
0.663
0.153
0.397
0.279
0.193
0.733
1.196
0.551
0.315
1.047
0.87
0.6
0.118
0.534
0.351
0.093
0.727
1.116
0.358
1.068
0.799
0.519
0.63
0.576
0.247
0.531
0.503
0.396
1.015
1.905
0.689
0.152
0.222
0.917
0.462
0.44
0.575
0.868
0.266
1.602
5.471
1.348
0.442
0.7
0.441
0.402
1.5
2.317
0.785
0.073
0.505
0.209
0.225
0.113
0.139
0.078
0.09
0.372
0.021
0.223
0.238
0.295
0.253
0.383
0.801
0.824
0.77
0.966
0.394
0.404
0.834
1.461
0.66
1.082
0.438
2.616
0.546
0.282
0.74
1.862
0.83
0.23
0.375
0.735
0.894
0.153
0.12
0.162
0.625
0.924
0.767
1.056
1.784
1.758
0.831
1.521
0.834
0.348
0.256
0.935
0.156
2.279
2.66
0.906
2.398
2.661
0.595
0.088
0.334
0.355
0.767
0.429
0.532
0.514
0.333
1.417
0.336
0.122
0.89
2.178
4.102
1.063
0.917
0.196
0.145
0.065
0.611
0.206
0.082
0.183
1.125
1.177
0.834
0.825
0.363
1.392
0.267
0.572
0.125
0.131
0.047
0.475
3.093
1.231
0.714
0.325
0.041
0.569
0.016
0.772
0.52
0.376
0.13
0.076
0.094
0.08
0.135
0.02
0.091
0.076
0.076
0.022
0.104
0.488
0.742
0.569
0.373
0.101
0.116
1.221
1.109
1.208
2.176
4.78
0.833
0.053
1.241
1.793
0.831
0.65
1.103
1.227
1.49
0.009
0.095
0.378
0.016
0.781
1.513
1.838
1.11
0.566
0.154
0.088
0.022
0.073
0.201
1.676
1.024
1.971
3.561
4.248
1.112
0.431
0.807
0.446
0.06
1.334
0.83
0.692
1.764
0.069
0.748
1.115
0.559
1.623
0.829
0.251
0.237
0.052
0.06
1.647
0.227
0.561
3.167
2.686
4.139
2.922
1.979
1.291
1.584
1.521
1.668
1.891
2.122
1.275
1.426
2.534
3.28
2.193
1.59
2.325
1.417
1.705
2.058
4.285
2.132
2.15
2.752
1.598
2.384
2.892
1.64
1.421
1.321
2.376
2.247
4.139
1.913
1.465
0.944
1.745
1.703
1.177
1.306
1.907
2.92
2.796
1.887
1.083
1.735
1.62
2.057
3.45
2.017
2.738
1.966
1.484
2.904
2.303
2.45
4.31
1.465
2.488
2.133
2.657
1.678
2.022
2.966
2.689
1.608
1.567
1.603
2.91
1.166
3.108
2.109
2.088
3.464
2.258
1.648
1.499
1.218
1.831
2.199
2.211
2.271
1.459
1.927
2.461
2.005
2.03
1.537
1.442
1.641
1.955
1.258
1.772
2.866
3.127
1.649
2.274
2
2.839
2.186
2.565
2.848
2.565
1.4
1.686
2.692
3.537
1.472
1.814
1.733
2.226
2.156
2.323
2.424
2.459
1.909
2.603
2.272
2.196
1.699
1.659
1.674
1.943
3.069
2.279
1.986
1.617
2.032
1.821
2.796
2.589
2.315
1.624
2.309
2.12
2.028
2.171
2.106
1.823
1.729
1.861
1.836
1.955
2.404
2.174